# BRG list from Daniel Eisenstein for plates 300 to 309.
# Redshifts originally from Chicago-1D, but the wrong ones fixed.
# Plate, Fiber, MJD, z, Run, Rerun, camCol, Field, Id, Scaling, NumMask, Coefficients.
 1 300  11 51666  0.25054  752 1 2 433  48 0.8478 27  0.69051 0.07198 0.07839 0.10534 -0.03083 0.04394 -0.00507 -0.00297 0.02569 -0.01292
 2 300  15 51666  0.33292  756 1 1 619 282 0.5915 73  0.25249 -0.04994 -0.10049 -0.04515 0.00026 -0.00085 0.00091 0.04422 0.04446 -0.06982
 3 300  35 51666  0.35904  752 1 4 433 750 0.7291 83  0.49989 0.00051 -0.01830 -0.00354 0.12266 -0.04269 0.07696 0.11188 0.04720 -0.02362
 4 300  44 51666  0.39936  752 1 2 430 207 0.6396 83  0.38482 0.06333 -0.03839 -0.11704 0.00016 0.01899 -0.05046 -0.09076 -0.00093 -0.00676
 5 300  49 51666  0.40178  756 1 1 615 370 0.5173 83  0.21589 -0.01198 -0.03119 -0.01012 -0.07135 -0.01502 0.01355 -0.00081 0.03096 -0.03196
 6 300  52 51666  0.40157  756 1 2 615  12 0.5238 83  0.25378 0.02218 -0.01960 -0.08092 0.02429 -0.05520 0.03292 -0.04027 -0.00161 -0.05044
 7 300  59 51666  0.42218  752 1 2 429 559 0.4926 83  0.26676 0.03042 -0.04117 -0.00192 -0.01295 -0.00484 -0.01806 -0.06767 0.00280 -0.00901
 8 300  74 51666  0.42838  752 1 3 430 420 0.5065 83  0.29169 -0.00182 -0.03852 -0.05114 -0.00825 -0.00831 0.04635 0.00569 0.02277 -0.04639
 9 300  84 51666  0.26067  756 1 2 612 580 0.7896 35  0.71945 0.04730 0.02871 0.04038 0.02816 0.02030 -0.03161 0.00895 0.05682 -0.05243
10 300  95 51666  0.41673  752 1 2 427 654 0.5344 83  0.22425 0.00386 0.01482 0.01959 0.06472 -0.01408 -0.02044 0.01346 0.07018 0.04243
11 300  96 51666  0.29293  756 1 2 614  70 0.8187 65  0.70501 0.02872 -0.01034 0.00914 0.05967 0.05930 -0.04158 -0.00915 -0.02659 -0.00749
12 300 102 51666  0.42680  756 1 2 614 632 0.4972 83  0.25743 0.02302 -0.04447 -0.02374 -0.03159 -0.03139 0.00088 -0.05776 -0.00738 -0.04327
13 300 103 51666  0.43089  756 1 2 614 484 0.5073 83  0.25510 0.02394 0.02049 0.02301 0.00691 -0.02279 -0.03800 0.00353 0.01476 0.00559
14 300 104 51666  0.35623  756 1 2 614 663 0.5709 83  0.34987 0.00121 0.04756 0.01500 0.02573 0.00224 -0.02427 -0.01359 -0.00340 -0.03337
15 300 115 51666  0.26383  756 1 3 614 235 0.8233 46  0.74619 0.02654 0.07488 0.02750 0.01194 -0.00449 -0.05920 -0.05099 -0.00001 -0.01799
16 300 142 51666  0.31770  752 1 3 427 847 0.6424 65  0.50353 -0.00514 -0.07642 -0.00763 0.03505 0.01891 -0.04032 0.02105 -0.02847 -0.05383
17 300 144 51666  0.35933  752 1 3 428 529 0.5215 83  0.30859 0.06134 0.03014 0.00270 0.05088 0.01653 -0.02252 0.05427 -0.01804 -0.02213
18 300 146 51666  0.41126  752 1 3 427 834 0.5532 83  0.37727 0.03797 -0.00309 -0.03585 0.01154 0.01001 0.02557 -0.09345 -0.00977 -0.02351
19 300 150 51666  0.26059  752 1 3 427 276 0.6699 35  0.47887 0.02328 0.01567 0.08277 0.01774 -0.03657 0.01472 -0.02785 0.02453 0.01299
20 300 152 51666  0.26159  752 1 3 426 187 0.6803 38  0.56816 0.02550 0.03023 0.04148 0.01648 0.01503 0.01994 0.01624 -0.00497 -0.01410
21 300 155 51666  0.42945  752 1 4 427 593 0.4611 83  0.15845 -0.07577 -0.01847 -0.01323 -0.01430 0.02093 0.04176 -0.03007 0.03429 -0.04655
22 300 159 51666  0.42663  752 1 3 428 376 0.5185 83  0.30039 0.01707 -0.03062 -0.05023 -0.05235 0.00537 -0.01936 0.07548 -0.01477 0.03194
23 300 178 51666  0.45908  752 1 4 425 668 0.5343 83  0.26003 -0.01636 0.03636 -0.02758 -0.04063 -0.02341 0.06297 -0.00082 0.07254 -0.00967
24 300 179 51666  0.25199  756 1 3 611 146 0.8324 27  0.69740 -0.01815 0.04438 0.06587 0.01069 -0.05612 -0.05700 -0.05145 -0.01649 -0.00527
25 300 199 51666  0.46751  756 1 3 608 513 0.5517 83  0.24419 -0.00606 -0.01645 0.04775 -0.01650 0.07546 -0.04935 -0.16923 -0.10572 -0.04958
26 300 209 51666  0.16619  756 1 1 610 125 1.3868 23  1.37177 0.14098 -0.00674 -0.02339 0.04252 0.00027 -0.00368 -0.01599 0.01979 -0.04170
27 300 211 51666  0.36146  756 1 1 610 227 0.5625 83  0.39569 0.00579 0.01392 -0.02877 0.02423 -0.05332 -0.04478 -0.01387 0.02532 -0.01911
28 300 227 51666  0.21870  752 1 3 421 211 0.7914 27  0.64080 -0.03818 -0.05670 0.00901 0.06561 -0.00750 -0.00217 0.03515 -0.00557 0.03179
29 300 231 51666  0.27907  756 1 3 607 225 0.7008 65  0.57927 0.04946 -0.03001 -0.01471 -0.00461 -0.00131 -0.04564 0.06627 0.03586 0.01772
30 300 237 51666  0.25235  752 1 3 421 236 0.8958 27  0.87726 0.02187 -0.03556 0.00951 -0.02841 0.01940 0.01797 0.00418 0.02888 -0.00545
31 300 241 51666  0.39733  756 1 1 607 457 0.5209 83  0.17209 0.02602 -0.00969 -0.04037 0.03031 -0.06395 0.04189 -0.04396 0.01258 -0.06054
32 300 246 51666  0.21586  752 1 2 421 212 1.1233 27  1.18919 -0.30240 0.03296 -0.00463 0.01421 0.00966 -0.10008 0.01297 -0.00550 0.03359
33 300 251 51666  0.39858  752 1 2 422 499 0.5315 83  0.30568 -0.22257 0.03287 0.00168 0.01899 0.02543 -0.07045 -0.08408 -0.03850 0.01825
34 300 265 51666  0.35928  752 1 4 419 125 0.5528 83  0.32004 -0.00431 0.01216 0.01136 -0.01316 0.02515 -0.04898 -0.04015 -0.05216 -0.01714
35 300 267 51666  0.38173  752 1 3 419 764 0.5437 83  0.26371 -0.01005 -0.05537 0.01673 0.00411 -0.01788 0.02891 0.09972 -0.01510 -0.07755
36 300 274 51666  0.38145  752 1 3 419 451 0.5094 83  0.21394 -0.05482 0.02810 0.08676 -0.04763 -0.04647 -0.00858 0.04696 -0.03083 -0.01740
37 300 275 51666  0.33003  756 1 3 605 809 0.6254 73  0.41809 0.03824 -0.01987 -0.00440 -0.05042 0.01124 0.03353 0.00176 0.01484 0.02303
38 300 291 51666  0.38812  752 1 2 420 705 0.5540 83  0.29724 -0.02370 -0.06224 0.02889 0.01124 -0.03913 0.01270 0.06738 -0.01286 -0.06944
39 300 308 51666  0.28248  756 1 2 603 256 0.7004 65  0.44417 0.00454 -0.02359 -0.03532 0.00360 0.03701 0.01434 -0.02759 -0.02402 0.05289
40 300 326 51666  0.32366  756 1 5 602  54 0.6140 65  0.44788 0.03538 0.03205 -0.00731 -0.00384 0.02305 0.05241 -0.02411 -0.00354 -0.01010
41 300 329 51666  0.42909  756 1 6 606 287 0.5225 83  0.23270 -0.00100 -0.12185 0.11886 -0.04300 0.04268 -0.02949 0.05785 0.00763 0.05381
42 300 336 51666  0.16454  752 1 6 419 180 1.0325 23  0.75481 -0.00757 -0.05235 -0.03016 -0.07388 0.02552 0.02507 -0.03966 0.12592 0.07899
43 300 338 51666  0.40301  756 1 5 602 574 0.5288 83  0.27159 0.01508 -0.05231 -0.09657 -0.05864 -0.00802 0.03383 -0.04757 0.03342 0.04571
44 300 365 51666  0.41500  756 1 6 608 274 0.4546 83  0.18458 -0.01092 0.01520 0.02451 -0.03701 0.02409 -0.04333 0.00392 0.00968 0.01961
45 300 368 51666  0.42274  756 1 6 607 404 0.5178 83  0.23064 -0.00640 -0.07271 -0.01581 -0.04701 0.08014 -0.01211 -0.04716 -0.03516 0.00752
46 300 387 51666  0.48823  756 1 4 605 203 0.4610 83  0.19926 0.00980 -0.04082 0.05929 0.00300 0.08257 0.05384 -0.02070 0.01506 0.00385
47 300 400 51666  0.24238  756 1 4 604 576 0.7284 27  0.46765 -0.09753 0.01645 0.01277 -0.04553 0.02813 0.01299 -0.00882 0.01155 -0.03549
48 300 424 51666  0.27616  756 1 4 605 282 0.7810 65  0.71739 0.00575 -0.01964 0.04194 0.00368 -0.00137 -0.01328 0.06287 0.03966 0.03065
49 300 425 51666  0.15064  756 1 5 607 132 1.4084 17  1.46762 0.06283 -0.05926 -0.05277 0.00733 0.01911 -0.03497 -0.06589 0.05669 0.01559
50 300 439 51666  0.48053  752 1 4 421 696 0.4918 83  0.23484 -0.01424 -0.00582 -0.04924 -0.03365 0.00566 -0.05072 -0.04804 -0.00810 0.08083
51 300 453 51666  0.28376  752 1 6 426 184 0.8096 65  0.74557 -0.01064 -0.03815 -0.01959 -0.02169 -0.02238 0.02299 -0.01371 -0.02161 -0.01477
52 300 460 51666  0.42286  756 1 5 610 547 0.4413 83  0.25144 -0.01454 0.00497 -0.00477 -0.06432 0.11030 -0.02348 -0.00194 -0.05776 -0.00652
53 300 471 51666  0.50219  756 1 4 609 257 0.4070 83  0.18363 0.01522 -0.03249 -0.03930 0.04380 -0.01076 0.00990 -0.06966 0.03602 0.04465
54 300 475 51666  0.49828  756 1 4 608 605 0.4141 83  0.18312 0.00168 0.03793 0.01073 0.00104 0.00983 -0.05953 0.00516 0.02294 0.04690
55 300 477 51666  0.25869  756 1 4 608 205 0.8497 28  0.85677 0.03423 0.07993 -0.02592 0.02286 -0.03537 -0.01538 0.02966 0.04187 0.01496
56 300 489 51666  0.43216  756 1 4 612 282 0.5600 83  0.21419 0.03101 -0.32486 0.23256 -0.04717 0.03620 0.03880 0.03414 0.02010 0.13584
57 300 498 51666  0.42393  756 1 4 611 685 0.4296 83  0.21076 0.01042 -0.03098 -0.03925 -0.02739 0.08710 0.00526 0.01185 -0.01382 -0.00290
58 300 513 51666  0.45319  756 1 4 613 579 0.4715 83  0.26168 -0.07579 -0.00925 -0.03553 -0.09238 0.04066 0.05746 -0.01320 -0.01795 -0.04015
59 300 523 51666  0.26618  756 1 6 613 296 0.5872 54  0.39481 -0.00530 0.03883 -0.01601 0.04399 0.02738 -0.01345 -0.00520 -0.02516 0.07161
60 300 524 51666  0.37529  752 1 6 429 455 0.4886 83  0.28677 0.05991 0.00587 -0.07963 0.01769 -0.00828 -0.01729 -0.01205 -0.01085 0.00811
61 300 531 51666  0.37517  752 1 6 428 560 0.4920 83  0.32061 0.05821 -0.06139 -0.05393 -0.02741 -0.01413 0.00155 0.00994 0.03899 0.02096
62 300 532 51666  0.26420  752 1 6 429 184 0.8318 47  0.81460 0.04993 0.02327 0.00919 0.03028 -0.03140 -0.03554 -0.00363 -0.02870 0.07384
63 300 533 51666  0.31851  756 1 5 613 401 0.6078 65  0.52100 0.01698 0.02249 0.02404 -0.01817 0.04954 -0.02972 0.07016 -0.02330 0.00821
64 300 537 51666  0.35151  756 1 5 612 576 0.4561 83  0.27068 -0.00203 0.01192 -0.01021 -0.04926 -0.02193 -0.02512 0.01604 -0.01102 -0.04518
65 300 538 51666  0.43178  752 1 6 429 382 0.4123 83  0.18880 0.03208 0.01537 -0.03019 -0.05163 0.01477 0.00027 -0.01810 0.03322 -0.02601
66 300 539 51666  0.35115  756 1 5 612 778 0.5776 83  0.48187 0.06320 0.02539 -0.04965 0.01724 0.05037 0.02037 -0.08116 -0.01500 -0.02890
67 300 540 51666  0.26588  756 1 5 612 761 0.6648 53  0.54041 0.03721 0.01785 0.02096 0.07584 -0.03157 -0.05725 0.00330 0.00589 0.01797
68 300 564 51666  0.26430  752 1 6 429 678 0.6762 48  0.46731 0.00694 -0.02161 -0.05603 0.05158 0.02568 0.00323 -0.00880 0.03308 -0.00816
69 300 569 51666  0.37545  756 1 6 615 490 0.5634 83  0.33010 0.04469 -0.04329 -0.00282 0.06275 0.00936 -0.04171 0.00269 -0.06668 -0.03022
70 300 577 51666  0.18985  752 1 6 430  32 1.1561 27  1.05729 0.02940 -0.09526 0.01607 0.00810 0.05007 -0.03341 0.07566 -0.00796 -0.00062
71 300 583 51666  0.32271  752 1 5 430 522 0.6061 65  0.37602 0.01808 0.01998 0.03538 -0.00247 0.00488 -0.01890 -0.02531 -0.03732 0.03583
72 300 597 51666  0.47058  756 1 4 616 592 0.4667 83  0.28028 -0.00026 0.07884 0.03340 -0.02659 -0.09604 0.01574 0.03751 -0.00931 -0.02445
73 300 600 51666  0.46465  756 1 4 615 555 0.6541 23  -0.04526 0.00135 -0.14581 0.01692 -0.04373 0.09448 -0.04366 0.04926 0.02594 -0.03014
74 300 623 51666  0.41078  756 1 4 620 487 0.5726 83  0.35604 -0.00932 -0.03182 -0.03071 0.10034 0.01590 -0.02319 0.01853 -0.01358 -0.06497
75 300 629 51666  0.48184  752 1 5 432 670 0.5060 83  0.20487 0.02868 0.00638 -0.07403 -0.10922 -0.06043 -0.01048 0.00907 -0.05291 -0.15887
76 300 636 51666  0.48095  756 1 4 619 363 0.5593 83  0.29819 0.00889 -0.03628 -0.02484 -0.02326 -0.01378 -0.04390 -0.01358 0.03946 0.05050
77 301  15 51641  0.43563  752 1 2 447 462 0.5646 83  0.21074 -0.00600 -0.10504 0.08557 -0.03933 -0.02660 0.00426 -0.06031 -0.13433 0.07415
78 301  19 51641  0.16924  752 1 2 448 182 1.3132 27  1.27415 -0.07268 0.08018 -0.02128 0.00804 -0.01787 0.00304 -0.03880 0.00390 0.00624
79 301  29 51641  0.44514  752 1 3 449 694 0.5595 83  0.26765 0.00605 0.03453 -0.01639 0.03409 -0.03994 -0.00738 0.11132 -0.03446 -0.03222
80 301  33 51641  0.44098  752 1 3 449 699 0.5636 83  0.22239 -0.00501 0.00940 0.07623 -0.07430 -0.08041 0.08541 -0.00161 0.01723 0.01011
81 301  34 51641  0.43329  752 1 3 450 536 0.5184 83  0.27562 0.03526 -0.01153 0.04344 0.03225 -0.01386 0.06460 -0.01826 0.00957 0.01174
82 301  41 51641  0.16517  752 1 1 446 185 1.3543 23  1.34765 -0.20672 0.07080 0.05868 -0.10196 0.00338 0.04924 0.00484 0.10871 0.10759
83 301  45 51641  0.44461  756 1 1 631 399 0.5765 83  0.25769 -0.02414 0.10836 0.08607 -0.05534 -0.12628 0.03395 -0.00662 0.07928 -0.00557
84 301  46 51641  0.44182  752 1 1 446 483 0.5755 83  0.29061 -0.02648 -0.11092 0.05178 0.00501 0.10471 -0.09852 0.15726 0.01915 0.02476
85 301  48 51641  0.43396  756 1 1 630 364 0.5252 83  0.21894 -0.02615 -0.13933 0.07438 -0.08202 -0.08756 -0.00962 -0.07829 -0.05405 -0.01387
86 301  50 51641  0.40204  752 1 1 444 496 0.6718 83  0.42222 0.01755 0.01485 -0.04070 -0.03645 0.01799 -0.03239 -0.00011 0.05932 0.01315
87 301  54 51641  0.40010  756 1 1 631 576 0.5136 83  0.22424 -0.06715 -0.03789 -0.07781 0.01974 -0.02292 0.06704 -0.04965 -0.04328 -0.04025
88 301  63 51641  0.43418  756 1 2 633 652 0.4761 83  0.23076 -0.00256 -0.01256 -0.03437 -0.09730 -0.04633 -0.08107 0.01214 -0.04003 0.09455
89 301  64 51641  0.43458  752 1 2 447 463 0.5049 83  0.29343 -0.10459 0.03552 -0.02914 -0.01333 0.04200 0.04065 0.04099 0.05088 -0.01359
90 301  67 51641  0.43560  752 1 3 449 135 0.4929 83  0.18940 0.01323 -0.09227 0.07626 -0.14163 0.01753 -0.02585 -0.08018 -0.04509 0.01224
91 301  69 51641  0.43999  756 1 2 633 761 0.4618 83  0.21235 -0.00273 -0.01811 0.05390 0.00016 -0.00721 0.03092 0.05386 -0.01580 -0.01978
92 301  79 51641  0.39538  756 1 3 633 396 0.5397 83  0.31177 0.01485 -0.08609 -0.07649 -0.03801 -0.03331 0.00367 0.08093 0.03102 -0.05282
93 301  87 51641  0.35331  752 1 1 443 553 0.5763 83  0.35969 0.02179 -0.01979 -0.05075 -0.00423 0.01495 -0.04701 0.00902 -0.04183 -0.01607
94 301 100 51641  0.34852  756 1 1 629 336 0.5853 83  0.40220 0.01064 0.02615 -0.04190 -0.04718 -0.04758 0.00859 0.01368 0.03766 0.00534
95 301 113 51641  0.35890  756 1 3 630 476 0.5246 83  0.33379 0.01674 -0.04112 -0.00922 0.06178 -0.00497 0.03078 0.01460 0.03823 0.01264
96 301 146 51641  0.16138  756 1 2 628 247 0.9463 23  0.65770 -0.33536 0.10924 -0.06191 0.01234 0.11642 -0.03910 0.01016 -0.05778 -0.00068
97 301 147 51641  0.35877  756 1 2 628 431 0.5438 83  0.36457 0.03324 0.04892 -0.04861 -0.00209 0.01430 0.00444 -0.06253 0.00492 -0.02133
98 301 148 51641  0.35754  756 1 2 629 566 0.5547 83  0.33267 -0.00233 -0.04396 0.03778 0.00733 0.03452 -0.01414 0.00523 -0.05906 -0.00662
99 301 166 51641  0.32840  756 1 2 626 325 0.6007 67  0.40055 0.00124 -0.09635 0.06386 -0.01028 -0.00727 0.03833 0.04653 0.01689 -0.05022
100 301 170 51641  0.32750  752 1 3 441 529 0.6038 65  0.47008 0.00379 -0.00063 -0.03526 -0.02583 -0.02254 0.01729 0.01208 -0.00699 -0.00980
101 301 171 51641  0.32660  756 1 3 627 437 0.5689 65  0.39157 -0.04240 -0.04218 0.03057 -0.04277 -0.01105 0.04083 0.05978 -0.00379 0.00215
102 301 196 51641  0.29113  756 1 3 624 458 0.7096 65  0.51665 0.04595 -0.02243 -0.00374 -0.02756 -0.01849 -0.04027 0.04258 0.05266 -0.05896
103 301 200 51641  0.16700  756 1 3 625 162 1.3808 23  1.33715 0.08653 -0.05830 -0.02655 -0.09548 -0.08316 0.03617 -0.01997 0.01538 -0.01114
104 301 203 51641  0.40070  752 1 1 438 514 0.5058 83  0.29699 0.03330 -0.02871 -0.01474 0.00974 -0.07196 0.03404 0.00841 0.04171 0.00971
105 301 207 51641  0.39896  752 1 1 439 141 0.5449 83  0.22911 0.07558 0.01413 -0.02576 0.04366 0.04291 -0.01163 -0.01617 -0.05315 -0.05926
106 301 218 51641  0.39573  752 1 1 438 505 0.5401 83  0.35598 0.00481 0.00743 -0.01606 -0.07375 -0.06248 0.04563 0.02332 0.00302 0.00948
107 301 238 51641  0.35712  752 1 3 437 513 0.5547 83  0.30532 0.00941 0.01009 -0.04629 -0.09452 -0.00778 0.05825 -0.01305 -0.03282 0.05172
108 301 258 51641  0.24834  752 1 1 438 288 0.7929 27  0.54868 0.03708 -0.00365 -0.08555 0.00023 0.03451 -0.04090 0.02456 0.04173 -0.01473
109 301 268 51641  0.42520  756 1 2 622 250 0.5750 83  0.20864 -0.01282 -0.07288 -0.00390 -0.12626 -0.10464 -0.02272 -0.07200 0.08432 0.03246
110 301 302 51641  0.29004  756 1 2 618 363 0.7178 65  0.53206 0.02264 -0.00464 -0.01618 -0.02922 -0.03908 0.00666 0.00303 0.01469 0.00799
111 301 314 51641  0.42668  756 1 2 618 296 0.5358 83  0.30998 0.00876 -0.02459 -0.02000 -0.07965 -0.04179 -0.03094 -0.00627 -0.05240 -0.12758
112 301 328 51641  0.19670  756 1 5 621 122 1.0425 27  0.97412 -0.10258 0.06743 -0.05324 -0.00291 0.02555 0.02217 0.02707 0.03538 0.04437
113 301 370 51641  0.47853  756 1 5 623 671 0.5583 83  0.17000 -0.02479 0.01539 0.10221 0.00037 -0.02742 -0.04559 0.17232 -0.11898 0.08075
114 301 387 51641  0.35510  756 1 4 620 520 0.5009 83  0.26528 -0.01131 -0.05095 -0.00466 0.02825 -0.00823 0.02578 0.01661 -0.00227 0.05785
115 301 391 51641  0.25128  756 1 4 619 182 0.7976 27  0.69749 0.05981 -0.02702 0.01016 -0.01564 -0.02003 -0.05465 0.00689 -0.01303 -0.00859
116 301 400 51641  0.26250  756 1 4 620 168 0.8294 41  0.69952 0.01669 -0.08796 -0.00115 -0.05466 -0.03581 0.04450 0.03432 -0.00263 0.02783
117 301 415 51641  0.47887  756 1 5 624 582 0.4583 83  0.25817 0.03823 0.01241 -0.02390 0.00088 -0.05013 -0.01233 -0.00427 -0.06831 0.04089
118 301 417 51641  0.16649  752 1 6 440 177 1.0085 23  0.93438 0.09768 0.06726 -0.02977 0.04313 -0.03160 -0.00451 -0.05018 -0.00323 0.07374
119 301 429 51641  0.35986  756 1 4 622 474 0.5616 83  0.40866 0.04538 -0.00425 -0.05837 0.01580 0.02735 -0.00182 -0.00374 0.02687 0.01684
120 301 434 51641  0.25110  756 1 4 622 176 0.7380 27  0.55046 0.02699 0.07462 0.03967 -0.01035 -0.01382 -0.02539 -0.05533 -0.00044 0.01718
121 301 447 51641  0.16661  756 1 6 626  90 1.3540 23  1.36489 0.16493 -0.01452 -0.04996 -0.00086 -0.06369 0.03258 -0.03050 -0.00375 0.07295
122 301 463 51641  0.26079  756 1 4 624 222 0.6846 35  0.59253 0.03317 0.00286 -0.00932 0.00428 -0.03421 0.00915 0.03965 0.00794 -0.02647
123 301 482 51641  0.16596  752 1 5 442  16 1.1984 23  1.24210 0.07726 0.00599 0.02119 0.00296 0.00132 0.00483 -0.03229 0.02077 0.01434
124 301 483 51641  0.19697  756 1 4 625 188 0.9275 27  0.89052 0.05151 0.00732 -0.03496 0.00663 -0.02477 0.04890 0.00573 -0.02860 0.01541
125 301 485 51641  0.47748  752 1 5 440 403 0.4137 83  0.20244 -0.01966 0.04602 0.03208 0.00646 0.01292 0.04305 -0.00498 0.01454 0.01431
126 301 503 51641  0.35826  756 1 4 628 474 0.4626 83  0.27941 0.04911 0.00295 -0.01672 -0.02898 -0.00454 -0.03929 0.01024 0.01104 0.01638
127 301 517 51641  0.21755  752 1 4 442 196 0.9548 27  0.97505 0.05122 -0.04990 0.05321 0.00167 0.01669 0.01924 0.03417 -0.00909 -0.01103
128 301 527 51641  0.43464  756 1 6 628 325 0.4905 83  0.26503 0.02275 0.00676 -0.00981 -0.01128 -0.05533 0.03507 -0.03680 -0.01344 -0.08431
129 301 541 51641  0.16703  756 1 4 629 128 1.1990 23  1.17262 -0.13323 0.04157 -0.06563 0.01040 -0.04877 -0.04312 -0.05524 0.03634 0.01046
130 301 546 51641  0.25751  752 1 5 445 160 0.7722 27  0.67805 -0.00634 -0.03126 -0.00327 0.03079 -0.10547 -0.01612 -0.00905 0.02196 -0.00407
131 301 549 51641  0.25310  756 1 4 629 198 0.8802 27  0.80630 0.10303 -0.01541 -0.02032 0.02239 -0.04641 0.00181 -0.04234 -0.00346 -0.03605
132 301 554 51641  0.18812  756 1 4 629 190 1.0786 27  1.06509 0.08316 -0.04713 -0.07417 -0.01145 0.04768 -0.00158 -0.06720 -0.01325 0.00585
133 301 555 51641  0.47453  752 1 4 445 442 0.4661 83  0.20438 0.01134 -0.03446 0.02948 0.02807 -0.07107 -0.10141 -0.00313 -0.04892 -0.02601
134 301 558 51641  0.36142  756 1 4 630 289 0.5382 83  0.26452 -0.01566 0.03590 -0.02456 0.00381 -0.05330 0.01141 -0.02487 0.05378 0.00956
135 301 563 51641  0.43014  756 1 6 631 573 0.5018 83  0.24697 -0.00349 0.00703 -0.02285 -0.03128 -0.00789 -0.09148 -0.00643 0.06669 -0.06856
136 301 567 51641  0.35961  756 1 5 631 327 0.5199 83  0.30736 0.00008 -0.02494 -0.01440 0.00598 -0.03051 -0.00687 0.04015 0.02815 -0.02517
137 301 578 51641  0.36441  756 1 5 630 538 0.5637 83  0.24097 -0.09855 -0.00052 0.00143 -0.00164 -0.15726 -0.02717 -0.02885 0.02423 0.01611
138 301 596 51641  0.23870  756 1 4 632 164 0.8577 27  0.81606 -0.05404 -0.02077 -0.01045 -0.02811 0.02756 0.00708 -0.01984 0.00915 0.00810
139 301 606 51641  0.31956  756 1 6 632 627 0.5827 65  0.39221 0.02513 0.01958 0.02226 0.03081 -0.05118 0.04194 0.05075 -0.01448 0.01085
140 301 620 51641  0.35970  756 1 5 632 534 0.5811 83  0.29325 0.00366 -0.00996 -0.03812 0.01679 -0.13810 0.02057 0.02764 0.07974 0.00910
141 301 639 51641  0.18437  752 1 4 449 156 1.4836 27  1.32122 0.06106 -0.07963 -0.31019 0.12975 -0.02351 0.01120 -0.03182 -0.06339 0.03452
142 302  42 51688  0.18291  752 1 1 460 155 0.9812 27  0.84093 -0.06217 -0.06691 0.02437 0.01453 0.00154 -0.07072 0.00734 0.02284 -0.05396
143 302  54 51688  0.52065  752 1 1 459 503 0.4576 66  0.22119 0.02803 -0.03884 0.02154 0.01396 0.02014 0.05736 -0.02043 -0.01592 0.00699
144 302  55 51688  0.27917  756 1 1 645 324 0.6898 65  0.44677 0.03327 -0.02249 0.00765 -0.03746 -0.07742 0.10376 0.00345 -0.00879 -0.02443
145 302  76 51688  0.35997  756 1 2 648 565 0.5449 83  0.30635 -0.12842 0.05363 -0.00526 0.01499 -0.09195 -0.07641 -0.02402 0.08173 0.03702
146 302  98 51688  0.46674  752 1 1 458 381 0.4975 83  0.18100 -0.05301 0.04064 -0.03198 -0.02749 0.03799 -0.00681 -0.06819 -0.15057 -0.03530
147 302 127 51688  0.40429  752 1 1 457 337 0.5101 83  0.17455 0.02593 -0.04114 -0.01045 -0.02642 0.02262 -0.00585 -0.01752 0.09873 0.03377
148 302 136 51688  0.16034  756 1 1 642 162 1.2803 23  1.27129 0.04560 -0.09880 -0.02916 0.06705 -0.04373 -0.00481 0.01504 0.04768 -0.00208
149 302 147 51688  0.46517  752 1 3 458 560 0.4946 83  0.23094 0.05833 0.01228 0.07704 0.11592 0.05670 0.01273 -0.03264 -0.00447 -0.00624
150 302 149 51688  0.23937  756 1 2 644 625 0.8147 27  0.72067 0.07400 0.01649 0.02856 -0.03392 -0.02213 0.02668 0.03535 0.01500 0.02401
151 302 180 51688  0.42537  752 1 3 457 131 0.5297 83  0.29291 -0.02405 -0.03718 0.05091 -0.04306 0.01156 -0.03854 0.02842 -0.02543 -0.03756
152 302 200 51688  0.26153  756 1 3 641 224 0.9455 38  0.90716 0.06374 0.01614 0.01867 0.07123 0.05361 -0.00365 -0.00509 -0.02399 -0.05727
153 302 232 51688  0.45772  756 1 3 640 492 0.4784 83  0.17488 -0.00088 -0.01164 0.10255 -0.03844 0.06161 -0.01958 -0.00777 -0.00185 -0.00763
154 302 266 51688  0.24288  756 1 3 638 254 0.7665 27  0.62551 0.04592 0.01314 0.04085 0.00268 -0.03063 -0.01736 -0.02587 0.04411 -0.01113
155 302 286 51688  0.16955  752 1 2 448  26 0.7028 27  0.41247 -0.10953 -0.04281 -0.08329 -0.00535 0.00739 0.06170 0.00289 0.00180 0.04010
156 302 291 51688  0.42193  752 1 1 450 481 0.4471 83  0.23588 0.00018 0.01814 -0.00540 -0.01286 0.02310 -0.04749 -0.02450 -0.03551 0.00533
157 302 303 51688  0.44525  752 1 3 449 694 0.5060 83  0.29334 0.06384 0.08188 -0.00997 -0.00220 0.00824 -0.01992 0.06948 -0.08490 -0.02350
158 302 326 51688  0.19042  752 1 6 451 194 0.8236 27  0.63819 -0.18340 0.01547 -0.04109 0.02159 0.05502 -0.01488 -0.00112 -0.03832 -0.01415
159 302 327 51688  0.24164  756 1 6 636 479 0.7849 27  0.70379 0.07479 -0.01203 -0.04495 0.04783 0.01294 0.01895 0.00159 -0.00091 0.03166
160 302 330 51688  0.39754  752 1 6 451 643 0.4972 83  0.20745 -0.03461 -0.05122 -0.03188 0.00852 0.08822 -0.04074 0.05695 0.00972 -0.02421
161 302 342 51688  0.45948  752 1 5 451 303 0.4999 83  0.23580 -0.17064 0.09073 0.00861 0.01563 -0.02045 -0.01437 -0.05185 -0.03478 0.04377
162 302 356 51688  0.18589  752 1 4 451  56 1.0423 27  1.02555 -0.00293 -0.13517 0.00975 -0.04401 0.02550 0.00952 0.00276 0.03166 -0.01901
163 302 361 51688  0.45095  752 1 6 453 295 0.4623 83  0.23271 0.01051 0.03418 -0.00076 0.08902 0.00680 0.06519 -0.06286 0.00538 -0.02321
164 302 370 51688  0.35706  752 1 6 452 440 0.4886 83  0.33837 -0.01393 -0.01511 -0.06017 0.04022 0.00078 -0.02200 -0.05364 -0.00516 0.01235
165 302 372 51688  0.40168  752 1 6 451  46 0.4230 83  0.15159 -0.01214 -0.07824 -0.03059 -0.01599 0.03012 0.07555 0.03752 0.03092 -0.02490
166 302 374 51688  0.45199  756 1 5 638 343 0.5268 83  0.05656 0.02174 0.15773 -0.07010 -0.13959 0.09656 0.25867 -0.02833 -0.10602 -0.07596
167 302 377 51688  0.18088  752 1 6 451 143 1.2289 27  1.33855 0.09514 -0.00327 0.07017 0.03912 -0.06509 -0.01342 -0.01778 -0.01413 0.02962
168 302 379 51688  0.39889  752 1 6 452 449 0.4975 83  0.35532 0.02461 -0.03425 0.01251 -0.00704 0.03536 -0.00367 0.02176 0.01947 -0.02399
169 302 386 51688  0.46257  756 1 4 638 494 0.4944 83  0.22705 0.00667 -0.02794 -0.01044 0.00934 0.00882 -0.01219 -0.01044 -0.00476 -0.06572
170 302 390 51688  0.28333  756 1 4 637 410 0.5120 65  0.20739 -0.08421 -0.02307 0.02314 0.04080 -0.01921 0.03280 -0.04458 -0.03838 0.00535
171 302 393 51688  0.46346  756 1 4 638 607 0.4896 83  0.26608 0.00055 0.04267 0.00878 -0.01834 -0.04867 0.02175 -0.01834 0.01679 -0.10056
172 302 405 51688  0.39496  752 1 6 455 542 0.4343 83  0.23252 0.04080 -0.01957 -0.00682 -0.04475 0.01066 0.02554 0.01015 0.02086 0.00664
173 302 408 51688  0.24060  756 1 6 640 142 0.8794 27  0.86828 0.08261 0.01154 -0.03311 -0.01794 -0.02002 0.02898 -0.03400 0.02927 0.05721
174 302 409 51688  0.45706  756 1 6 639 605 0.4290 83  0.16429 0.00285 -0.01528 0.00422 0.03332 0.07104 -0.01278 -0.06497 0.05723 0.00103
175 302 415 51688  0.45087  756 1 5 639 268 0.4543 83  0.26382 0.01564 0.02546 0.02607 -0.00242 0.00444 0.05137 0.01946 -0.02862 -0.09002
176 302 418 51688  0.43408  752 1 6 453 464 0.4289 83  0.21237 -0.04219 -0.01428 0.03134 0.02085 0.01054 0.01086 -0.01448 0.02713 0.05948
177 302 427 51688  0.45955  752 1 4 454 506 0.4621 83  0.23946 0.03350 0.01389 -0.03780 -0.02064 -0.06285 0.01459 -0.05254 0.05971 -0.03711
178 302 432 51688  0.44324  752 1 5 453 626 0.4994 83  0.29227 0.03780 0.05651 -0.04853 -0.00068 -0.02593 0.00769 -0.00384 0.04294 -0.00422
179 302 439 51688  0.37443  756 1 4 641 346 0.4932 83  0.28650 -0.00544 0.03138 -0.01427 0.00370 0.05100 0.00738 0.01846 -0.01866 -0.02631
180 302 444 51688  0.45970  752 1 6 457 458 0.4944 83  0.20908 -0.01032 0.06921 0.00942 0.02505 -0.04303 -0.06931 -0.03190 0.03648 -0.11578
181 302 447 51688  0.45168  752 1 6 456 539 0.4909 83  0.28762 -0.01640 0.05796 -0.04585 0.01370 -0.00271 0.04407 -0.00159 0.05431 0.00641
182 302 466 51688  0.42754  752 1 4 456 187 0.4761 83  0.26366 -0.01271 0.00169 0.03599 -0.05032 0.02780 0.01536 0.05774 0.02421 -0.03832
183 302 472 51688  0.25774  756 1 4 641 190 0.7182 27  0.63904 0.10562 0.02475 -0.02392 0.07465 0.01359 -0.07863 -0.01872 0.01474 -0.04655
184 302 475 51688  0.25851  756 1 3 642 394 0.6783 28  0.52284 0.07223 0.03032 -0.05015 -0.00158 0.04080 -0.02709 -0.02400 0.06863 -0.01208
185 302 478 51688  0.25285  756 1 5 642 581 0.6546 27  0.48736 -0.07525 0.06234 -0.00504 0.04739 0.03035 -0.08305 0.00360 -0.00948 -0.01338
186 302 480 51688  0.42699  756 1 3 641 466 0.4437 83  0.23280 0.03455 -0.05015 0.04774 -0.03844 0.05625 -0.01984 0.03211 0.07286 0.01081
187 302 509 51688  0.33817  752 1 4 461 376 0.5554 83  0.41122 0.03033 -0.02919 0.05859 0.01268 0.01071 -0.01965 0.03583 0.01169 -0.04167
188 302 511 51688  0.42346  752 1 5 461 355 0.4839 83  0.30816 0.01129 -0.01961 0.00797 0.03984 0.06416 -0.03796 -0.00528 -0.08107 0.02011
189 302 519 51688  0.47076  756 1 4 644 497 0.4473 83  0.16907 -0.08796 -0.02903 0.07803 0.00017 0.02675 0.03413 -0.01467 0.03838 -0.02088
190 302 525 51688  0.37282  756 1 6 644 351 0.5157 83  0.35697 0.04018 -0.01957 0.01547 0.05909 -0.04326 -0.00753 0.00866 -0.01757 -0.02265
191 302 528 51688  0.17760  756 1 6 644 180 0.8817 27  0.80717 0.04714 0.00263 0.05614 0.00295 -0.02193 -0.04518 -0.02827 -0.00091 -0.04118
192 302 529 51688  0.37683  756 1 6 644 321 0.4525 83  0.26967 0.03151 -0.01617 0.03416 0.06476 0.03722 -0.00847 0.00415 -0.00831 -0.03082
193 302 551 51688  0.17878  752 1 5 462 202 1.1094 27  1.13065 0.09856 0.05994 0.06368 -0.01680 -0.02426 0.00137 -0.03716 -0.07529 -0.07064
194 302 559 51688  0.49735  756 1 4 646 561 0.4445 83  0.22678 0.04127 0.04903 -0.03090 0.07526 -0.10614 0.08855 0.00071 -0.07087 0.02140
195 302 582 51688  0.26226  756 1 4 649 158 0.7970 40  0.71732 0.05415 0.04532 -0.04724 0.02014 0.00620 0.00264 -0.00106 -0.01079 0.01214
196 302 632 51688  0.18705  752 1 4 465 135 1.1083 27  1.06917 0.06866 -0.03424 0.04753 -0.04975 0.09450 0.02793 0.00327 0.00209 0.03355
197 303  23 51615  0.40589  752 1 3 474 220 0.6557 83  0.28022 -0.00837 -0.17155 -0.02145 -0.00416 0.01606 -0.10580 0.00546 -0.03330 -0.02600
198 303  26 51615  0.18145  752 1 3 474 136 1.0953 27  0.75925 0.01197 -0.03512 0.00256 -0.06153 -0.08485 0.02136 0.02611 0.10819 0.00616
199 303  42 51615  0.18437  756 1 1 657 268 1.0399 27  0.69240 -0.36811 0.01261 0.10944 0.00618 0.03820 -0.01260 -0.00084 0.02729 -0.04352
200 303  96 51615  0.28984  756 1 2 655 279 0.7413 65  0.37863 -0.10309 0.08079 -0.00917 0.00587 -0.00439 0.00876 0.00832 0.03328 0.01406
201 303  98 51615  0.37979  756 1 2 655 394 0.6527 83  0.24671 -0.01083 0.17719 0.04252 -0.06441 -0.05802 0.01000 -0.14506 -0.02511 0.06776
202 303 128 51615  0.30345  752 1 2 468 419 0.8085 65  0.59680 0.07845 -0.01920 0.02757 -0.03101 0.03461 -0.05769 -0.03923 0.00607 0.09300
203 303 129 51615  0.46682  752 1 1 468 349 0.6180 83  0.25752 0.04322 -0.02482 -0.02024 0.01064 0.03092 -0.01806 -0.01274 -0.07040 -0.08577
204 303 156 51615  0.35517  756 1 3 654 661 0.6116 83  0.37595 -0.00015 0.00245 -0.03537 -0.02260 0.02475 0.07947 -0.07434 -0.06670 -0.04213
205 303 172 51615  0.38219  752 1 3 468 921 0.5801 83  0.29295 0.01277 -0.02650 -0.00424 -0.06499 0.00929 0.01000 0.07191 -0.00689 0.01460
206 303 183 51615  0.18515  756 1 2 654 252 1.6960 27  1.85066 -0.04365 -0.16394 0.06603 -0.00925 -0.03696 0.05098 0.00050 -0.02900 -0.11708
207 303 191 51615  0.30427  752 1 3 468 709 0.6826 65  0.36427 -0.00190 0.00896 0.04955 0.00404 -0.04558 -0.06554 -0.06236 0.00019 -0.11018
208 303 260 51615  0.18664  752 1 2 465 141 1.2366 27  1.15115 0.06786 0.12453 0.02341 -0.00655 0.00638 -0.05988 -0.00615 -0.01547 -0.00042
209 303 261 51615  0.44580  752 1 2 465 545 0.6237 83  0.31713 -0.00319 0.02647 -0.00262 -0.00119 0.05237 -0.03167 0.08402 0.02635 0.07707
210 303 284 51615  0.27879  756 1 1 645 487 0.7586 65  0.49341 0.10427 -0.01595 -0.01977 0.01246 0.07996 -0.10214 0.01924 0.02778 -0.03832
211 303 299 51615  0.35208  756 1 1 649 478 0.6718 83  0.38992 0.00122 -0.04025 0.02616 -0.01978 -0.02704 0.06673 0.03528 0.04979 0.01066
212 303 305 51615  0.37939  756 1 2 650 679 0.8010 83  0.43881 0.06152 -0.17397 -0.26435 0.22732 -0.06759 -0.07165 0.01943 -0.20854 0.01243
213 303 309 51615  0.37866  756 1 2 650 568 0.6180 83  0.31521 0.01334 -0.00139 -0.06181 -0.05496 0.02427 0.03441 -0.01957 -0.00595 -0.01448
214 303 314 51615  0.35973  756 1 2 650 437 0.5801 83  0.28518 -0.23330 -0.04024 0.02441 0.04235 0.02908 -0.03801 -0.00784 -0.00645 -0.00313
215 303 321 51615  0.46187  756 1 6 648 634 0.5240 83  0.00882 0.03290 0.06019 -0.00736 -0.02781 -0.02201 -0.08651 -0.07761 0.02762 0.05904
216 303 346 51615  0.37620  756 1 4 649 207 0.5630 83  0.32341 -0.02019 -0.01063 0.00932 0.05942 -0.03047 -0.04899 -0.00385 0.00598 0.01434
217 303 347 51615  0.47650  752 1 4 463 543 0.4778 83  0.21282 0.02428 -0.03503 0.04277 -0.02042 -0.01056 0.04862 -0.01424 0.03100 0.03575
218 303 349 51615  0.25520  752 1 5 463 131 0.7424 27  0.51557 -0.13345 -0.07238 0.00607 0.01871 0.06603 0.01001 0.00533 -0.01048 -0.00474
219 303 370 51615  0.26040  756 1 5 650 612 0.6865 34  0.43956 -0.04877 0.00232 -0.01292 -0.04326 -0.04749 0.03553 -0.01950 0.04720 -0.05443
220 303 376 51615  0.26171  756 1 5 650 215 0.7271 39  0.55562 0.04453 0.03345 0.08615 -0.02260 0.03785 -0.00121 -0.07109 -0.02145 0.03177
221 303 378 51615  0.40648  756 1 5 649 204 0.5011 83  0.20045 -0.05261 -0.06944 -0.02602 -0.04252 -0.02476 0.02965 -0.01250 -0.04553 0.00897
222 303 384 51615  0.26329  752 1 5 465 165 0.8388 44  0.75634 0.05156 0.01622 0.04250 -0.02039 -0.02375 -0.01902 0.01132 0.08172 -0.02633
223 303 387 51615  0.34916  756 1 4 651 703 0.5700 83  0.35721 0.03084 0.06050 -0.08066 0.03189 0.00871 -0.00948 0.01536 -0.02029 -0.01048
224 303 406 51615  0.38759  756 1 6 651 447 0.5369 83  0.28327 0.01786 -0.05640 -0.02682 0.01154 -0.02486 -0.00069 -0.00417 -0.04145 -0.02920
225 303 409 51615  0.23341  752 1 6 466  80 0.8314 27  0.60117 0.05700 -0.05054 -0.03887 0.01510 -0.03863 0.06383 -0.02452 -0.03005 0.06362
226 303 413 51615  0.29846  756 1 6 652  25 0.6697 65  0.47102 -0.05916 0.00335 0.07697 -0.00418 0.00535 -0.05016 -0.01156 -0.09904 -0.06914
227 303 415 51615  0.47806  756 1 5 653 296 0.4520 83  0.15403 -0.00883 -0.03157 -0.02191 -0.05717 0.00342 -0.01239 0.00066 0.03186 -0.03423
228 303 431 51615  0.17950  752 1 4 468 181 1.1460 27  1.10507 0.06446 -0.03100 -0.05910 0.06094 0.00887 -0.03921 -0.00655 -0.01213 -0.01269
229 303 444 51615  0.26327  756 1 6 653 515 0.7861 44  0.61772 -0.04031 0.02110 -0.05218 -0.01612 -0.00436 0.01705 0.03339 0.01490 -0.01937
230 303 451 51615  0.26478  752 1 6 468 149 0.8486 49  0.76697 0.01977 -0.01304 0.02665 -0.01600 -0.00664 0.03155 -0.02262 0.07640 0.03552
231 303 452 51615  0.26388  752 1 6 468 517 0.7923 46  0.59092 -0.01791 -0.02211 0.10372 -0.04007 -0.02587 -0.00349 -0.01319 0.01042 -0.04081
232 303 458 51615  0.38428  756 1 6 655 292 0.5125 83  0.21843 -0.09236 -0.01413 -0.01135 -0.02373 -0.03309 0.01070 0.04564 0.02026 -0.01139
233 303 459 51615  0.26511  756 1 5 654 179 0.7703 50  0.64601 0.02952 -0.04485 0.04349 -0.01273 0.10750 -0.06874 -0.05863 0.01854 -0.00379
234 303 475 51615  0.38421  756 1 3 654 619 0.5110 83  0.32936 -0.03908 -0.00522 0.04248 0.02700 -0.07104 0.05223 -0.02081 0.03875 0.00006
235 303 494 51615  0.35248  756 1 3 655 681 0.5767 83  0.37036 0.02523 -0.03912 -0.10352 0.00913 0.03456 0.04787 0.04945 -0.01101 -0.03845
236 303 504 51615  0.43542  752 1 5 472 339 0.4409 83  0.17001 -0.04052 0.04756 -0.04581 -0.03644 0.10794 0.06927 -0.04028 -0.03592 -0.04483
237 303 506 51615  0.35376  752 1 4 472 540 0.4668 83  0.20449 -0.01395 -0.02444 0.01651 0.03201 -0.05392 -0.02663 0.01946 -0.03234 0.01447
238 303 521 51615  0.16445  756 1 6 655 135 1.1842 23  1.08340 -0.50117 0.17002 0.00586 -0.15786 -0.14659 0.04049 -0.02360 0.03455 0.01381
239 303 527 51615  0.42605  756 1 6 657 496 0.5003 83  0.20065 -0.01373 0.02872 -0.01977 -0.07297 -0.02673 -0.02103 -0.00465 -0.03285 -0.03596
240 303 529 51615  0.39416  752 1 6 471 304 0.5847 83  0.39780 -0.06752 -0.07967 -0.08690 -0.02639 -0.02751 -0.00608 0.00934 0.03901 -0.00787
241 303 530 51615  0.44827  752 1 6 470 323 0.4582 83  0.18748 -0.01361 0.07080 -0.00512 -0.10131 -0.03325 0.11156 0.02973 0.01560 0.00479
242 303 533 51615  0.35707  752 1 6 471 344 0.5408 83  0.36740 0.04809 0.01068 -0.01857 -0.01055 0.01517 0.02211 -0.02664 0.00114 -0.03108
243 303 542 51615  0.43010  752 1 5 473  72 0.5546 83  0.36658 0.03341 -0.03342 0.04182 0.05575 -0.02252 -0.02466 0.02866 0.01454 0.01226
244 303 548 51615  0.36108  752 1 5 473 530 0.5924 83  0.39505 0.00084 -0.02083 0.01303 0.01160 -0.03085 0.02303 0.02466 0.01733 -0.09672
245 303 568 51615  0.35780  752 1 6 474 259 0.4899 83  0.16024 -0.00296 0.05658 -0.01467 -0.02862 0.03332 0.10215 0.00060 0.00788 0.01374
246 303 577 51615  0.17400  756 1 5 657 203 1.3134 27  1.16461 -0.04345 -0.13159 0.02052 -0.04781 0.01882 0.07710 0.00093 0.01774 -0.01543
247 303 609 51615  0.34337  756 1 5 660 536 0.6640 83  0.39844 0.01108 0.08275 0.00182 -0.06152 0.02124 0.03054 -0.07063 0.00104 -0.00253
248 303 618 51615  0.25687  756 1 5 661 332 0.8558 27  0.60210 -0.06076 0.04181 -0.02599 0.03034 0.02317 0.00415 0.03065 0.00765 -0.09302
249 303 629 51615  0.33956  756 1 4 661 529 0.6375 83  0.29309 0.05284 0.02631 0.08114 0.02995 0.02538 -0.00514 -0.03266 -0.03918 0.01323
250 304   3 51609  0.27845  756 1 2 668 248 0.9333 65  0.60154 0.02300 0.00175 0.04257 0.01745 0.03009 -0.01346 0.04577 0.00859 -0.07112
251 304  11 51609  0.38161  752 1 3 483 306 0.6458 83  0.30713 -0.02072 -0.00894 -0.03240 -0.01617 -0.10631 0.04732 0.12961 0.06297 -0.07590
252 304  19 51609  0.38259  752 1 3 483 517 0.6666 83  0.38795 0.03147 -0.10471 0.01954 -0.02451 -0.06290 -0.08468 -0.02778 -0.05947 -0.05340
253 304  57 51609  0.32337  756 1 3 667 663 0.6984 65  0.42155 -0.32748 0.02528 0.05985 0.12077 0.07529 -0.07855 -0.05492 0.06432 -0.04902
254 304  63 51609  0.20075  756 1 1 665 270 0.9997 27  0.74083 -0.00610 -0.08099 0.03143 -0.05075 -0.03599 0.00815 0.00653 0.08827 -0.03847
255 304 120 51609  0.37140  752 1 2 478 519 0.5942 83  0.33374 -0.06969 -0.01883 -0.01987 -0.05022 -0.01787 0.00674 0.01369 -0.02819 -0.04453
256 304 125 51609  0.30751  756 1 2 664 335 0.6406 65  0.29994 -0.12233 -0.00716 -0.05419 -0.02587 -0.10254 0.01707 0.01533 -0.00954 -0.04584
257 304 127 51609  0.35684  756 1 2 664 630 0.6045 83  0.25040 0.01011 -0.05498 0.01194 -0.01847 0.01774 0.01155 -0.00580 0.04302 0.05516
258 304 131 51609  0.35725  752 1 3 478 542 0.6503 83  0.43500 0.02828 0.01347 0.01256 0.02279 0.01744 0.04272 0.01814 -0.05394 0.05756
259 304 134 51609  0.38646  756 1 3 665 695 0.5515 83  0.26363 -0.04956 -0.03134 -0.00903 0.01556 -0.02887 0.01567 0.04312 0.01938 0.01362
260 304 140 51609  0.27610  756 1 2 664 121 0.6193 65  0.30927 -0.06332 0.00463 -0.04386 -0.04018 -0.02475 -0.00414 0.04651 -0.04222 -0.02247
261 304 149 51609  0.32013  756 1 2 663 558 0.5913 65  0.35175 0.05644 -0.02542 0.04577 0.02544 -0.02363 -0.03656 -0.00979 0.02206 -0.02238
262 304 158 51609  0.31942  752 1 3 477 520 0.6172 65  0.35719 -0.06930 -0.05545 0.02111 0.05323 0.02569 -0.05762 0.02405 -0.04857 0.01212
263 304 166 51609  0.35577  756 1 3 659 725 0.5567 83  0.34495 0.01022 -0.02812 -0.02208 0.01927 -0.01063 0.06978 -0.01809 -0.01271 -0.04459
264 304 196 51609  0.32206  752 1 2 477 235 0.5494 65  0.27363 -0.06526 -0.02065 0.01318 -0.05165 0.04547 0.02480 0.02592 0.01813 0.05648
265 304 234 51609  0.15024  752 1 2 475 109 1.5745 17  1.58323 -0.75003 -0.19034 0.01738 -0.18967 -0.04168 -0.04408 0.07534 0.00954 -0.04367
266 304 241 51609  0.18385  756 1 2 656 173 1.0879 27  0.87608 -0.25351 -0.20189 0.04512 -0.01001 -0.00113 0.02678 0.04781 -0.06989 -0.04412
267 304 243 51609  0.37910  756 1 2 654 157 0.5089 83  0.24351 -0.02428 0.01681 0.02542 -0.02445 -0.01204 -0.00872 0.02866 -0.03201 -0.02674
268 304 279 51609  0.18472  756 1 1 657 182 1.0810 27  0.81217 -0.11104 -0.09153 0.05263 0.01515 -0.13027 0.09127 0.05671 -0.00174 -0.04271
269 304 312 51609  0.37930  752 1 2 469 603 0.5819 83  0.35747 0.04428 -0.01362 0.03503 0.01379 0.01181 -0.00409 -0.04332 0.00243 -0.04057
270 304 325 51609  0.37433  752 1 4 470 302 0.5937 83  0.34562 -0.01215 0.05394 0.04759 0.10552 -0.02639 0.01182 -0.00273 0.01711 -0.03054
271 304 332 51609  0.18089  756 1 3 654 106 1.3388 27  1.36054 0.05545 0.12204 -0.00319 0.03192 0.07672 0.06541 -0.03942 0.02462 -0.03165
272 304 351 51609  0.26709  752 1 6 468 307 0.7389 57  0.55277 0.03248 -0.00265 -0.00458 0.01488 0.00511 0.00828 -0.00406 -0.01274 0.05149
273 304 355 51609  0.26563  752 1 6 469 267 0.6874 52  0.42404 -0.16652 -0.02359 -0.00893 -0.02092 0.02593 0.04985 0.02515 0.06526 -0.04200
274 304 366 51609  0.17877  756 1 3 657 160 1.2528 27  1.14635 0.07027 0.03865 -0.00150 -0.00388 -0.07555 0.06802 0.03226 0.00225 -0.05046
275 304 378 51609  0.35795  752 1 4 472 513 0.6632 83  0.46176 0.02445 0.00600 0.13277 0.07850 0.05625 0.01320 0.01291 0.02604 0.03069
276 304 382 51609  0.38360  756 1 6 659 469 0.5083 83  0.24774 0.02626 -0.05348 0.07867 -0.00015 -0.09723 0.04918 0.01198 -0.05959 -0.05509
277 304 385 51609  0.34537  752 1 6 475 445 0.5134 83  0.26837 -0.01579 0.01858 -0.01108 0.00259 -0.01858 -0.00259 -0.03224 -0.05505 -0.00957
278 304 387 51609  0.34130  752 1 6 475 325 0.7028 83  0.59921 0.00195 0.05082 0.02837 -0.00712 0.00667 -0.01316 0.06106 -0.03652 -0.00670
279 304 388 51609  0.34323  756 1 5 660 595 0.6115 83  0.46222 -0.02020 -0.03692 -0.01571 -0.00143 0.06042 0.05346 0.04025 0.01704 -0.00234
280 304 390 51609  0.34457  752 1 6 475 356 0.5211 83  0.33319 0.01930 0.01999 0.01646 0.01425 -0.02372 0.00660 -0.02042 0.01409 0.00278
281 304 395 51609  0.35794  756 1 6 658 658 0.5441 83  0.32195 0.00714 -0.01891 0.03282 0.02834 0.04968 0.01446 0.02652 0.02939 0.05342
282 304 404 51609  0.34595  752 1 4 476 292 0.6606 83  0.51398 0.04029 -0.02277 0.05568 -0.06677 -0.01801 -0.00315 0.00132 0.02663 0.01070
283 304 417 51609  0.33828  752 1 4 475 343 0.5671 83  0.33660 -0.00270 0.02087 0.07751 0.01048 0.03382 -0.03487 -0.00037 -0.00286 0.01851
284 304 430 51609  0.16910  756 1 6 661 144 1.3780 27  1.43113 0.09166 0.19397 -0.01997 0.11250 -0.04120 0.07667 0.04449 -0.11550 0.06537
285 304 440 51609  0.33842  756 1 5 662 342 0.5418 83  0.33489 0.00960 -0.00794 -0.00042 -0.02603 0.03525 0.01183 0.01107 0.08497 0.01780
286 304 446 51609  0.35470  752 1 4 478 291 0.5284 83  0.31241 -0.00701 -0.01826 0.02330 0.02198 -0.00271 -0.00771 0.05766 0.03025 0.05980
287 304 476 51609  0.27720  756 1 4 664 532 0.7457 65  0.56371 0.02267 0.00466 0.02055 0.04552 0.06422 0.00522 0.03289 -0.03205 0.02803
288 304 483 51609  0.23564  756 1 4 665  54 0.9466 27  0.91778 0.06477 0.00546 -0.06169 0.01306 0.02238 0.08020 -0.00561 0.00526 0.06998
289 304 491 51609  0.38577  756 1 4 665 670 0.4962 83  0.28797 0.03616 -0.03455 -0.05442 0.01565 0.01198 0.02912 -0.02085 0.03333 0.06772
290 304 496 51609  0.46890  756 1 4 665 627 0.4648 83  0.18811 0.01579 0.01676 -0.01987 -0.02134 -0.02133 0.01953 -0.01386 -0.08514 -0.00859
291 304 499 51609  0.27748  752 1 4 479  90 0.7505 65  0.68045 0.05518 0.06594 0.04302 -0.00714 -0.01376 -0.00210 -0.03829 0.00704 -0.01382
292 304 502 51609  0.32987  752 1 6 478 319 0.6338 72  0.44393 0.01543 -0.01761 -0.05342 0.04561 -0.01025 0.00559 0.08205 0.03063 -0.03076
293 304 513 51609  0.17048  752 1 6 477 546 1.0280 27  0.89230 -0.01919 0.05119 -0.11136 0.03121 -0.05433 0.01509 -0.06338 -0.01760 -0.00884
294 304 520 51609  0.33062  752 1 6 478 549 0.5999 73  0.39766 0.02295 -0.03803 -0.00971 0.00157 -0.00870 0.02267 0.00972 -0.02250 0.03963
295 304 529 51609  0.16695  752 1 5 482 141 1.2844 23  1.30109 -0.38027 0.12569 -0.09699 0.05191 0.06532 -0.01657 -0.00555 -0.04727 0.02250
296 304 532 51609  0.39397  756 1 4 667 424 0.5364 83  0.29287 0.01856 -0.04640 -0.08049 0.01031 0.03317 -0.02448 -0.00051 0.01799 -0.04616
297 304 533 51609  0.27661  752 1 4 481 655 0.6875 65  0.55832 0.08508 0.03151 -0.01499 -0.02746 -0.02112 0.01579 -0.02336 0.00405 0.04322
298 304 544 51609  0.34549  756 1 5 665 336 0.5580 83  0.29095 -0.01640 0.05840 0.03224 0.06192 -0.01095 -0.05461 -0.04049 0.02233 -0.09136
299 304 551 51609  0.31458  756 1 6 664 607 0.6474 65  0.49097 -0.03344 0.00880 0.01601 -0.01118 -0.02174 -0.00970 0.06904 0.03317 -0.01519
300 304 568 51609  0.38402  756 1 4 668  29 0.5970 83  0.41493 0.04204 0.06676 -0.02839 -0.01602 -0.03746 0.06307 -0.02097 -0.00101 0.03410
301 304 592 51609  0.34654  756 1 5 665 423 0.5241 83  0.29766 -0.02206 -0.01746 -0.00494 0.00904 0.03650 0.06041 -0.05450 0.02087 -0.03837
302 304 595 51609  0.27840  756 1 5 665 642 0.6750 65  0.50158 0.00458 -0.06488 0.00986 0.01100 -0.03905 0.00618 0.04869 -0.00752 -0.00766
303 304 602 51609  0.32215  752 1 4 484 320 0.5547 65  0.29710 -0.03386 0.00975 0.01109 -0.01829 -0.01624 0.00407 0.00513 -0.02988 0.00647
304 304 606 51609  0.38446  752 1 5 483 374 0.5984 83  0.29533 -0.00212 0.04345 0.01948 -0.00860 -0.04564 0.08202 0.04015 -0.00330 0.05587
305 304 612 51609  0.32106  752 1 4 484 397 0.7033 65  0.54600 0.07070 0.03927 -0.03968 0.01955 -0.01580 0.00860 0.05713 0.00216 0.05771
306 304 616 51609  0.32359  752 1 4 484 361 0.6075 65  0.42844 -0.00853 0.02421 0.02404 -0.08496 -0.04482 -0.02057 0.03091 0.03247 0.03730
307 305  15 51613  0.29034  756 1 3 680 358 0.5113 65  0.20501 -0.01842 -0.01007 -0.01686 -0.03538 -0.04485 0.01301 -0.02808 0.00997 0.03644
308 305  40 51613  0.31847  756 1 1 675 683 0.3940 65  0.19942 0.01779 0.01665 -0.01573 -0.03311 -0.02138 0.03130 -0.00636 0.00202 -0.01555
309 305  42 51613  0.33491  752 1 2 493 393 0.5641 75  0.38727 0.01370 0.00567 -0.06581 0.00857 0.00311 -0.01247 -0.04711 0.08043 0.03556
310 305  43 51613  0.33446  756 1 2 678 406 0.4831 73  0.31507 0.02329 -0.01404 0.02188 0.02060 0.01279 0.01210 -0.01746 0.02538 0.02050
311 305  53 51613  0.33478  756 1 2 678 512 0.4603 74  0.24171 0.03024 -0.06239 -0.02311 0.02806 0.02042 -0.03311 -0.03227 0.01401 0.01060
312 305  55 51613  0.43892  756 1 3 679 538 0.4557 83  0.26359 0.00288 -0.00978 -0.02938 -0.03764 0.09648 0.05385 0.01781 0.01552 0.01347
313 305  63 51613  0.31666  756 1 1 675 570 0.5027 65  0.33209 -0.00419 0.00373 -0.03292 0.01326 -0.00170 -0.00482 0.02589 -0.01821 -0.00489
314 305  76 51613  0.26685  752 1 2 488 422 0.6202 56  0.53139 0.04438 0.02416 -0.01338 0.04835 -0.02091 -0.00639 -0.00613 -0.01830 0.00916
315 305  81 51613  0.35584  752 1 3 491 240 0.4813 83  0.32375 -0.01339 -0.00538 -0.04499 0.03497 -0.01268 0.00447 -0.00645 -0.02076 0.02271
316 305  87 51613  0.28890  752 1 2 491 479 0.5121 65  0.33706 -0.04817 0.02152 -0.02759 0.01204 0.03382 0.06124 0.00839 -0.01716 0.01419
317 305  88 51613  0.27914  752 1 3 492 249 0.5984 65  0.48865 -0.01588 0.02835 0.00617 0.00081 -0.04120 -0.03353 0.05526 -0.02134 -0.03393
318 305 129 51613  0.32051  756 1 2 675 418 0.5226 65  0.41411 0.01214 0.02801 -0.06597 0.02971 0.01787 -0.03520 -0.01630 0.01699 0.01353
319 305 130 51613  0.30639  756 1 2 674 697 0.6178 65  0.50107 0.09004 0.06141 -0.04113 0.00130 -0.01345 -0.02172 -0.03567 -0.03304 -0.01104
320 305 133 51613  0.16261  752 1 3 490 206 1.0447 23  1.12768 0.13128 0.03978 -0.07881 -0.00448 0.02122 0.01625 -0.02937 0.01725 0.05380
321 305 136 51613  0.16310  756 1 3 675 167 1.1172 23  1.22229 0.06871 0.01397 -0.06158 -0.05456 0.04322 0.07051 -0.02812 0.05101 0.04647
322 305 138 51613  0.35493  756 1 3 675 926 0.4388 83  0.26476 0.01683 -0.00518 -0.04909 -0.00595 0.03441 0.02542 -0.02464 -0.00481 0.00550
323 305 140 51613  0.30632  752 1 3 490 361 0.4983 65  0.36547 0.04060 -0.01749 -0.02708 0.02229 0.00546 0.03910 0.00961 -0.03771 -0.01598
324 305 152 51613  0.35557  752 1 3 489  99 0.5096 83  0.42346 0.02496 -0.01444 -0.02676 0.00941 0.02125 0.02577 -0.01803 0.00494 -0.01002
325 305 154 51613  0.25437  752 1 3 487 190 0.7173 27  0.67772 0.00414 0.00785 0.07635 0.05297 -0.02019 -0.00480 0.03491 -0.03688 -0.02254
326 305 160 51613  0.28466  756 1 2 674 599 0.4981 65  0.34782 -0.07778 0.01838 0.03964 0.00650 -0.04144 -0.06122 0.01516 -0.01606 -0.02497
327 305 193 51613  0.20490  756 1 1 671 167 0.7495 27  0.67601 -0.01503 0.02420 0.06867 -0.03122 0.05416 0.01852 0.04186 0.04079 -0.05116
328 305 204 51613  0.17397  752 1 3 485 157 0.9886 27  1.05000 0.10775 0.03892 -0.04505 -0.06470 0.03683 -0.00461 -0.08153 0.01398 0.07054
329 305 212 51613  0.30836  756 1 3 671 774 0.4173 65  0.25380 -0.06535 -0.02370 -0.01323 0.00370 -0.01429 0.00591 -0.00373 -0.00613 -0.01467
330 305 216 51613  0.45953  756 1 3 671 507 0.3409 83  0.12777 0.02581 0.00454 0.05648 -0.03180 0.00892 0.00995 -0.00879 -0.01953 0.02212
331 305 218 51613  0.32173  756 1 3 671 624 0.5004 65  0.39146 0.00096 0.01930 -0.05133 -0.00574 -0.02699 -0.00825 0.03392 -0.01232 0.02762
332 305 219 51613  0.31655  756 1 3 671 390 0.4664 65  0.28510 -0.04331 -0.05084 -0.01566 -0.00490 0.01011 0.01122 0.03578 -0.03913 -0.00482
333 305 238 51613  0.17688  752 1 1 484 141 0.9039 27  0.92424 -0.02379 0.08986 -0.04160 -0.06917 -0.00941 0.02393 0.00542 0.00164 0.01905
334 305 242 51613  0.19130  756 1 2 669 235 0.8054 27  0.78197 0.09072 0.09343 0.02307 -0.03222 -0.00374 0.00007 -0.04877 0.02252 0.03099
335 305 244 51613  0.45507  752 1 3 485 333 0.3728 83  0.14596 -0.01158 0.03366 -0.00478 -0.01514 -0.04755 -0.09571 0.01297 0.02367 0.00052
336 305 246 51613  0.35761  752 1 3 484 432 0.4003 83  0.21133 -0.00376 0.00738 -0.00102 -0.01081 0.01940 -0.01828 -0.02190 0.00622 0.06420
337 305 282 51613  0.48418  756 1 2 668 863 0.4215 83  0.19107 -0.00103 -0.00412 -0.00266 -0.00624 -0.02572 0.05863 -0.07061 -0.06398 -0.01194
338 305 365 51613  0.32234  752 1 4 485 507 0.8035 65  0.72489 0.04804 0.09825 0.02274 -0.04668 -0.05106 0.07238 0.03098 -0.02560 0.03212
339 305 394 51613  0.40819  756 1 5 668 519 0.5316 83  0.20981 -0.03510 -0.06461 -0.03812 -0.00146 -0.05876 0.00894 0.04174 -0.00146 -0.02402
340 305 411 51613  0.32556  756 1 4 671 160 0.5439 65  0.37960 -0.03524 0.05653 0.05641 -0.03320 -0.05926 0.05308 -0.00210 0.03336 -0.04225
341 305 416 51613  0.19762  752 1 5 486 161 1.0209 27  1.06351 0.05692 0.02188 0.07299 -0.03031 -0.01693 -0.00836 0.04170 -0.01389 0.00708
342 305 433 51613  0.38612  752 1 6 483 458 0.4506 83  0.26484 -0.00121 -0.01487 -0.00512 0.00536 0.02267 0.00122 0.03139 0.02517 0.04083
343 305 443 51613  0.47315  756 1 5 673 499 0.4138 83  0.18247 0.01812 0.02181 0.00550 0.00474 0.03514 -0.02212 0.03337 -0.00513 0.03350
344 305 450 51613  0.20358  752 1 5 488 182 0.9574 27  0.98149 0.05102 0.03306 0.06800 -0.03971 0.03685 0.02842 0.02431 -0.00208 -0.01454
345 305 466 51613  0.29585  756 1 5 674 875 0.5109 65  0.33900 -0.00849 -0.06149 0.05809 -0.03730 0.01823 -0.00901 0.01446 -0.01682 -0.00544
346 305 467 51613  0.38167  752 1 5 490 693 0.5099 83  0.35558 0.06522 -0.02211 -0.03962 0.00521 -0.01273 -0.01127 0.03641 0.03458 -0.01735
347 305 468 51613  0.33304  756 1 5 674 257 0.4575 73  0.25750 0.01739 -0.02783 -0.00093 -0.00549 0.01865 0.01799 0.01938 0.03217 -0.00279
348 305 469 51613  0.33735  756 1 5 676 691 0.4893 82  0.36015 0.03912 0.00329 0.01873 0.00458 0.02268 0.03273 0.04305 0.04069 -0.02412
349 305 478 51613  0.45532  756 1 4 675 689 0.4679 83  0.31382 -0.03085 0.04112 -0.00252 -0.00941 0.01081 -0.02816 0.02103 -0.00770 -0.00201
350 305 497 51613  0.28999  756 1 4 676 689 0.6163 65  0.50628 0.02452 0.02673 -0.03257 0.01060 -0.00452 0.01061 -0.02143 0.02920 0.07362
351 305 510 51613  0.30422  756 1 6 671 418 0.6184 65  0.47313 0.01576 -0.02400 0.02353 -0.00472 0.00081 -0.03635 -0.02677 -0.04709 0.01631
352 305 511 51613  0.30153  756 1 6 671 553 0.5783 65  0.43208 0.02759 -0.02968 0.00804 0.01668 0.03357 -0.03314 -0.07055 0.01460 -0.04779
353 305 516 51613  0.32593  752 1 6 486 400 0.5729 65  0.40889 0.05371 -0.02476 -0.03190 -0.00954 0.00825 0.04314 0.02788 0.00453 0.00923
354 305 547 51613  0.28046  756 1 6 673 675 0.7167 65  0.58970 -0.26579 0.00970 -0.04033 -0.02473 0.02038 0.01108 -0.02247 0.01248 0.06038
355 305 548 51613  0.47584  752 1 6 488  48 0.4212 83  0.20572 0.01955 -0.05067 0.00114 0.03569 0.02152 0.06706 0.03207 -0.00251 -0.02329
356 305 558 51613  0.47502  756 1 6 674   7 0.4256 83  0.17349 0.01636 -0.04546 -0.05813 0.00686 -0.02642 -0.00342 0.04658 0.00351 -0.01279
357 305 560 51613  0.32582  752 1 6 488 433 0.5139 65  0.35979 0.00564 -0.02407 -0.00824 -0.00331 -0.00992 -0.02230 0.04659 0.01685 0.03168
358 305 582 51613  0.29126  756 1 6 675 259 0.6314 65  0.49708 -0.09961 -0.05646 -0.00696 0.01981 0.04895 0.04409 0.01459 -0.00242 -0.03284
359 305 583 51613  0.30475  756 1 6 674 602 0.5515 65  0.40245 0.00520 0.00989 0.01832 -0.01624 0.01846 -0.01076 -0.02805 -0.01113 -0.01490
360 305 587 51613  0.34512  756 1 6 675 173 0.5210 83  0.27791 -0.39069 0.00104 -0.01809 0.04990 0.00235 -0.05405 -0.05974 0.01986 -0.02688
361 305 589 51613  0.29096  752 1 6 489  65 0.6194 65  0.50145 0.03105 0.00676 -0.00845 0.03946 0.00356 -0.00676 0.01535 -0.02015 0.00362
362 305 590 51613  0.30667  756 1 6 674  55 0.5803 65  0.38201 -0.17053 0.07345 -0.03618 0.03459 0.01745 -0.03405 -0.08082 -0.00022 0.00928
363 305 615 51613  0.33671  756 1 4 680 576 0.4960 80  0.33556 -0.02618 0.01536 0.01312 -0.00482 -0.00566 0.01543 -0.02441 -0.00321 -0.00477
364 305 622 51613  0.40830  752 1 6 493 304 0.4239 83  0.10199 0.00674 -0.05060 0.00241 -0.07066 -0.01602 -0.00215 0.01651 0.08582 -0.03318
365 305 625 51613  0.31925  756 1 6 677 553 0.5031 65  0.32814 0.01436 0.05748 -0.00932 -0.03400 -0.01967 0.03466 0.02607 -0.01754 0.01620
366 305 638 51613  0.32227  752 1 6 493 668 0.6142 65  0.51210 0.02311 0.09940 0.01791 -0.02034 -0.01940 0.01667 0.01476 0.01909 0.01722
367 306   3 51690  0.21480  756 1 1 687 277 0.9328 27  0.81040 0.03289 -0.03807 0.06813 -0.00573 -0.04727 0.10244 -0.01864 -0.08086 0.02761
368 306  13 51690  0.24428  752 1 2 503 273 0.8194 27  0.66212 0.06918 0.05228 -0.08782 0.04410 -0.11028 -0.03153 -0.01578 0.01895 -0.01908
369 306  14 51690  0.25684  752 1 2 503 259 0.8181 27  0.68671 0.07949 -0.01347 -0.01614 0.08564 0.00015 0.00665 -0.02469 0.02539 0.00614
370 306  15 51690  0.21524  752 1 2 505 134 0.9760 27  0.90714 0.00633 0.08878 0.15476 -0.03311 0.05124 0.02065 0.06101 -0.01237 0.01130
371 306  16 51690  0.28213  756 1 1 688 607 0.6123 65  0.29155 -0.00560 -0.04054 -0.06589 0.01378 -0.08479 -0.03431 0.05297 -0.07742 0.00046
372 306  33 51690  0.46075  756 1 3 691 477 0.5068 83  0.20316 0.02176 -0.00766 -0.01908 0.01132 -0.07017 -0.00507 0.01782 0.07111 -0.08631
373 306  35 51690  0.28557  756 1 3 690 544 0.6740 65  0.47829 -0.05155 -0.04761 0.00323 0.06049 0.02314 -0.10087 -0.03023 0.04639 -0.03316
374 306  44 51690  0.22867  752 1 1 500 223 0.8945 27  0.78331 0.04445 0.01826 0.02729 -0.00893 0.00759 -0.01849 -0.00816 0.01175 -0.04661
375 306  48 51690  0.52731  752 1 1 501 717 0.5147 66  0.16826 0.07316 -0.06085 0.01648 -0.09011 -0.03818 -0.05871 -0.11249 0.07502 0.00563
376 306  49 51690  0.24484  752 1 1 502 167 0.8220 27  0.74211 -0.02636 0.02686 0.00227 0.03463 -0.00689 0.03486 0.02899 -0.05328 -0.02511
377 306  55 51690  0.21913  756 1 1 686 181 0.9642 27  0.92519 0.06869 0.05816 0.05075 0.02516 0.06120 -0.02914 0.01219 -0.01413 0.00148
378 306  58 51690  0.21902  756 1 1 686 171 1.0005 27  1.00060 0.04396 0.12390 0.03679 0.02168 0.01056 -0.03359 -0.03000 -0.04793 -0.04235
379 306  60 51690  0.38752  756 1 1 687 404 0.4698 83  0.23976 0.03345 0.02046 0.01317 -0.02803 -0.03718 0.03561 -0.05310 0.02475 -0.02584
380 306  61 51690  0.32628  752 1 3 504 296 0.6879 65  0.53908 0.03967 0.00250 0.05421 -0.07537 -0.02886 0.05303 0.04864 0.03243 0.01062
381 306  66 51690  0.28807  752 1 3 503  57 0.6524 65  0.49606 -0.00880 -0.01391 -0.02337 0.03198 -0.00228 0.02920 -0.03342 -0.01887 0.05532
382 306  68 51690  0.21883  752 1 3 504 862 0.7960 27  0.60723 -0.00753 0.03113 0.06047 -0.09077 -0.04711 0.05006 0.05592 -0.02395 0.02148
383 306  77 51690  0.21837  756 1 2 689 227 0.9928 27  0.92664 0.09676 0.04317 0.08206 0.02699 0.02633 0.01987 0.01372 0.03667 0.01002
384 306  91 51690  0.32631  756 1 1 685 478 0.5599 65  0.35835 0.00478 0.00123 -0.01966 -0.07355 -0.04562 0.04791 -0.00206 0.02538 0.00496
385 306 100 51690  0.24934  756 1 1 685 253 0.5714 27  0.33714 -0.02126 0.03833 0.02530 0.01928 -0.05096 -0.01736 -0.01298 -0.00883 -0.03059
386 306 115 51690  0.21105  756 1 3 688  40 0.6625 27  0.38029 -0.04002 -0.04507 0.00248 -0.02433 0.02992 0.01191 0.05097 -0.06496 -0.01041
387 306 125 51690  0.26313  752 1 1 498 310 0.7284 43  0.57210 0.02785 0.03234 -0.02532 0.06212 -0.00843 0.00291 0.01272 -0.03214 -0.01749
388 306 154 51690  0.40237  756 1 2 685 564 0.5225 83  0.39969 0.03749 -0.03783 -0.01791 -0.01300 -0.02271 0.03225 -0.00373 -0.02812 -0.00981
389 306 161 51690  0.45014  756 1 3 683 575 0.4268 83  0.20470 0.02228 0.03721 -0.01375 -0.02855 0.01873 -0.06822 -0.05499 0.01870 -0.00067
390 306 167 51690  0.25766  752 1 2 499 208 0.6953 27  0.57002 0.07863 -0.02706 0.02257 0.03505 0.00574 -0.00679 -0.01374 0.01368 -0.00151
391 306 180 51690  0.51814  752 1 3 498 463 0.4263 66  0.19132 0.03627 -0.07970 -0.00387 0.04706 0.03099 0.06079 0.02191 -0.00711 0.02751
392 306 199 51690  0.28151  756 1 2 682  33 0.5890 65  0.43427 0.00732 -0.02492 0.03391 -0.00103 -0.06103 -0.00959 -0.01590 0.03036 0.01806
393 306 200 51690  0.22035  756 1 3 681 752 0.8118 27  0.73556 0.08061 0.02733 0.01164 0.00770 0.05215 -0.08443 0.00244 0.03071 0.01108
394 306 201 51690  0.40155  752 1 1 496 554 0.4602 83  0.22692 0.01405 -0.01189 -0.00198 0.04937 -0.03242 0.07710 -0.03308 -0.01014 0.03107
395 306 204 51690  0.40202  756 1 1 681 618 0.4658 83  0.26935 0.01112 0.01671 -0.02343 -0.02521 0.00804 0.04060 -0.00342 0.04905 -0.01723
396 306 207 51690  0.40212  752 1 1 496 556 0.5190 83  0.33755 0.02333 0.03498 -0.04135 -0.02311 0.05244 0.03349 -0.01958 0.03138 0.00187
397 306 208 51690  0.36208  756 1 1 682 224 0.5641 83  0.38648 -0.00964 -0.01204 -0.06795 0.00378 0.02000 -0.06486 0.03691 0.03305 -0.03503
398 306 210 51690  0.40330  756 1 1 681 673 0.4430 83  0.22141 0.00655 -0.02715 -0.03679 -0.00177 0.04359 -0.01445 -0.03284 0.05685 0.01741
399 306 215 51690  0.39660  752 1 2 497 375 0.4576 83  0.25630 -0.08723 -0.04312 -0.08908 -0.04249 0.03488 0.02323 0.00180 0.01096 -0.02645
400 306 218 51690  0.25905  752 1 2 496 686 0.7808 29  0.68047 -0.00723 -0.00068 0.03678 -0.00201 -0.05853 -0.04400 -0.00952 -0.02323 -0.01131
401 306 222 51690  0.32079  756 1 2 680 121 0.5207 65  0.30683 -0.05042 0.07898 0.00983 -0.01042 -0.00263 0.03108 -0.00474 -0.00401 0.02339
402 306 223 51690  0.44026  752 1 3 494 477 0.4337 83  0.19897 0.02061 -0.08205 0.04267 -0.01130 -0.07262 0.00764 -0.02161 -0.02281 -0.00002
403 306 232 51690  0.44060  756 1 3 679 532 0.4967 83  0.26431 0.04781 -0.00672 0.00839 -0.14394 0.03280 -0.02651 0.03830 -0.01796 0.02676
404 306 241 51690  0.33037  756 1 1 678 456 0.5450 73  0.34412 -0.00752 -0.00366 -0.01394 0.02974 0.01069 -0.01601 0.01070 0.02859 -0.00621
405 306 244 51690  0.35781  756 1 1 679 310 0.5544 83  0.38859 0.04094 -0.02022 -0.04445 0.02761 0.03707 0.02505 0.03417 0.05431 0.03263
406 306 255 51690  0.40317  756 1 1 680 523 0.4292 83  0.19034 0.02013 -0.03730 -0.07509 -0.07015 0.02698 0.01261 0.02394 -0.00273 -0.02371
407 306 268 51690  0.32024  756 1 2 677 752 0.5842 65  0.45098 0.00036 0.00802 0.03318 0.02705 -0.04966 0.00481 0.04357 0.00778 0.00377
408 306 288 51690  0.39896  752 1 2 491 288 0.4496 83  0.18944 -0.06626 -0.01384 -0.00077 0.08369 -0.00125 0.05293 0.01582 0.09320 -0.09590
409 306 292 51690  0.21827  752 1 2 492 281 0.6512 27  0.40259 -0.00302 -0.02545 0.03001 0.00801 -0.04401 0.04755 0.02869 -0.01402 0.04776
410 306 306 51690  0.33572  752 1 3 489 637 0.5552 77  0.36673 0.03769 0.00826 -0.00312 0.03510 -0.02034 0.03201 0.01159 0.01932 -0.01772
411 306 312 51690  0.28396  756 1 2 675 530 0.5849 65  0.37095 -0.10380 -0.01821 -0.00118 -0.04348 -0.02111 -0.01716 0.02371 -0.05059 -0.00275
412 306 317 51690  0.28484  752 1 3 489 561 0.6550 65  0.52050 0.02112 0.05879 0.00718 0.02553 -0.05355 -0.08474 -0.02942 0.04653 0.05596
413 306 322 51690  0.31993  756 1 6 678 517 0.5493 65  0.25648 -0.01689 -0.00724 0.01350 0.03264 -0.05645 0.02128 0.06866 -0.04255 -0.05455
414 306 339 51690  0.16147  756 1 5 678  20 1.1337 23  1.07567 0.04491 0.04751 -0.04469 -0.03105 0.06686 0.05983 -0.00316 -0.03934 0.02287
415 306 341 51690  0.33545  756 1 5 676 756 0.5763 76  0.44702 0.04509 0.04826 0.03992 0.04389 0.01496 -0.01977 -0.01874 0.00528 -0.03188
416 306 350 51690  0.29547  756 1 5 674 874 0.6353 65  0.42127 0.01789 0.02653 0.01678 -0.00721 0.04707 0.03271 -0.03119 0.03017 0.07293
417 306 354 51690  0.33303  756 1 5 675 235 0.6344 73  0.42746 0.02324 -0.01617 0.04202 -0.01450 -0.01155 0.02619 0.02301 -0.00503 -0.00956
418 306 360 51690  0.22948  752 1 4 488 595 0.8058 27  0.71863 -0.03885 0.00516 0.00234 0.04136 -0.03885 0.00359 0.03422 -0.01302 0.06109
419 306 362 51690  0.21247  752 1 6 494 185 1.0370 27  1.03353 0.01258 -0.03369 0.05791 0.01117 0.00955 0.04467 0.04366 -0.01024 -0.00830
420 306 364 51690  0.42328  756 1 6 679 578 0.4749 83  0.27467 0.01557 0.00297 -0.00579 -0.06208 0.09984 0.01826 -0.03702 -0.02894 -0.04731
421 306 376 51690  0.48044  756 1 6 680 510 0.4902 83  0.32535 0.02026 -0.00081 -0.03687 -0.02927 0.03795 0.04264 -0.02310 -0.08262 0.00856
422 306 377 51690  0.32944  756 1 5 678 305 0.5193 71  0.32633 0.00474 0.00160 0.03807 0.01461 0.01094 0.08474 0.03110 0.02596 0.00101
423 306 379 51690  0.32397  756 1 5 680 486 0.5650 65  0.37464 0.01989 0.03648 0.01949 0.00275 -0.00818 -0.00237 0.00367 -0.01982 0.00281
424 306 384 51690  0.36408  756 1 5 677 813 0.5254 83  0.39212 0.00823 -0.01734 0.01549 0.01577 -0.00634 0.02128 0.01000 -0.05375 -0.02593
425 306 415 51690  0.29930  756 1 5 680 778 0.5516 65  0.27634 -0.00621 -0.04225 0.06553 0.05074 0.03037 -0.01268 -0.02562 -0.01091 -0.02660
426 306 443 51690  0.33620  756 1 6 683 329 0.5764 79  0.34160 0.05780 0.05112 0.01204 0.06019 0.06929 -0.02019 -0.02798 -0.01369 -0.01403
427 306 444 51690  0.48094  752 1 6 498 420 0.5360 83  0.27865 0.01716 -0.09482 -0.01143 -0.11626 0.01481 -0.02318 0.01368 0.01806 -0.00197
428 306 445 51690  0.39976  752 1 6 497 641 0.5455 83  0.26799 0.02675 0.03662 0.03285 -0.00934 0.04115 -0.04818 -0.00125 0.00063 0.01587
429 306 453 51690  0.47184  752 1 6 498 511 0.5113 83  0.22297 0.00171 -0.03447 0.05098 -0.00310 0.04449 0.00486 0.07900 0.01137 0.00941
430 306 458 51690  0.15105  752 1 6 497 213 1.3889 17  1.46775 0.06302 -0.00428 -0.05601 0.01323 0.00220 -0.04092 -0.04752 0.07041 0.04150
431 306 460 51690  0.40984  756 1 5 683 539 0.5775 83  0.35800 0.03207 0.00646 -0.04762 0.03171 -0.03582 -0.05612 0.02615 0.02942 0.02460
432 306 465 51690  0.29964  756 1 5 680 784 0.5357 65  0.32792 -0.03255 -0.00885 0.03401 -0.01445 -0.02641 -0.03056 -0.01474 -0.00241 -0.00908
433 306 491 51690  0.29000  756 1 4 682 377 0.6237 65  0.47508 0.06807 -0.01330 0.00127 0.01813 0.04805 0.03387 0.01563 -0.03862 -0.00888
434 306 499 51690  0.40524  756 1 4 682 314 0.4465 83  0.18976 -0.01734 -0.04350 -0.03080 0.04452 0.02306 -0.03386 0.02332 0.09346 0.03563
435 306 501 51690  0.44638  752 1 4 498 488 0.4292 83  0.23402 -0.01079 -0.04126 0.02187 0.00787 -0.00643 0.01726 -0.03314 -0.05052 0.01493
436 306 516 51690  0.47415  752 1 5 498 575 0.4787 83  0.21664 0.01448 0.04256 0.01805 -0.00367 -0.04176 0.03020 -0.00770 -0.11853 -0.02602
437 306 541 51690  0.43164  756 1 4 685 476 0.4365 83  0.25639 -0.00963 -0.07142 0.07274 -0.00936 -0.04801 0.02425 -0.00773 0.01584 -0.09117
438 306 547 51690  0.45648  756 1 5 684 611 0.4724 83  0.26972 0.00950 -0.00329 0.00260 -0.02302 -0.08950 -0.10745 0.03793 -0.07489 0.05495
439 306 556 51690  0.43295  756 1 5 684 706 0.4370 83  0.23489 -0.01890 -0.03124 0.06364 -0.07602 0.01154 0.03629 -0.00345 0.00376 0.03893
440 306 562 51690  0.34026  756 1 6 687 338 0.6134 83  0.42057 0.04800 0.00241 0.02718 -0.01025 -0.02879 -0.02374 -0.03196 -0.02461 -0.01840
441 306 579 51690  0.50153  756 1 5 686 554 0.4815 83  0.24406 0.01053 -0.02241 0.02148 0.06846 -0.00493 -0.04303 0.02232 -0.01975 0.07126
442 306 583 51690  0.27968  752 1 4 503 236 0.7879 65  0.75898 0.05987 -0.00783 0.02369 0.01712 0.04792 0.00249 0.06510 0.01823 -0.04281
443 306 584 51690  0.22253  752 1 5 500 253 1.0859 27  1.06928 0.05271 0.07462 0.00603 0.06443 -0.04755 -0.03045 0.03847 0.00277 0.01356
444 307  21 51663  0.37009  752 1 3 515 533 0.5938 83  0.26448 -0.04097 0.06030 -0.10298 0.10479 0.08461 0.12712 0.09559 0.11358 -0.07990
445 307  27 51663  0.29093  756 1 2 701 345 0.7522 65  0.57444 0.00637 -0.04126 -0.01834 0.04132 -0.00601 -0.00804 -0.01121 -0.04321 -0.03539
446 307  38 51663  0.24023  756 1 3 703 240 0.9916 27  0.85712 0.05817 -0.01471 0.00855 -0.05986 -0.06927 -0.00345 0.06853 -0.00215 0.05208
447 307  39 51663  0.29154  752 1 3 517 212 0.8357 65  0.60296 0.08387 0.05030 0.01120 0.07628 0.03383 -0.09964 0.04838 -0.02564 -0.09319
448 307  44 51663  0.32302  752 1 1 512 420 0.6811 65  0.44534 0.03540 0.03041 -0.04200 0.02306 -0.08208 0.00854 0.06696 -0.02989 0.10177
449 307  50 51663  0.32462  752 1 1 512 406 0.6460 65  0.41057 0.01566 0.00695 -0.03745 0.04530 -0.08481 0.00363 -0.02281 -0.04331 0.04622
450 307  58 51663  0.32353  752 1 1 512 587 0.5839 65  0.26376 0.05251 -0.03087 -0.16069 0.07668 -0.08399 0.02660 0.05873 0.00565 0.02232
451 307  59 51663  0.32342  756 1 1 696 674 0.6306 65  0.43229 0.07490 0.04157 -0.06681 -0.05012 -0.08999 0.08362 0.04565 -0.07494 0.09573
452 307  65 51663  0.37216  756 1 2 699 977 0.7004 83  0.48914 0.03287 0.00459 -0.05470 0.05183 -0.04446 -0.13092 -0.05452 -0.03345 -0.02592
453 307  75 51663  0.28756  752 1 3 513  42 0.6443 65  0.46912 0.03346 0.00129 0.02390 0.04897 0.02016 -0.02422 -0.03484 0.02935 0.01592
454 307  80 51663  0.34646  756 1 3 700 340 0.5513 83  0.27474 0.03248 0.04049 -0.03153 0.00217 0.07425 -0.01132 0.09231 -0.05985 0.05987
455 307  84 51663  0.36685  752 1 1 511 435 0.5868 83  0.35496 -0.00078 -0.10112 -0.00166 -0.05852 -0.01099 -0.02762 -0.00080 0.00017 -0.02257
456 307  88 51663  0.32290  756 1 1 695 343 0.5563 65  0.21531 -0.13364 0.06840 0.03798 0.05708 -0.05939 -0.01381 -0.02806 -0.02301 0.06057
457 307 112 51663  0.37135  756 1 2 696 110 0.5044 83  0.26021 -0.00945 0.01664 0.00059 0.03196 0.04284 0.05180 -0.03638 0.01973 0.00869
458 307 122 51663  0.21774  756 1 1 694 304 0.7340 27  0.52648 0.07088 -0.01981 0.06645 0.01810 -0.02313 0.00978 0.00122 0.02783 -0.00273
459 307 126 51663  0.21687  756 1 1 694 385 0.7322 27  0.50130 -0.01111 -0.05040 -0.04194 -0.02320 0.03619 0.00483 -0.02471 -0.00329 -0.03395
460 307 133 51663  0.33040  752 1 1 508 693 0.5737 73  0.35693 -0.07212 -0.07288 0.01438 0.01946 -0.00733 0.03318 0.02803 0.00281 0.02466
461 307 136 51663  0.21745  756 1 1 693 157 0.8708 27  0.76097 0.04478 -0.01939 0.02924 0.01534 -0.01018 0.01137 -0.00952 0.00502 -0.04199
462 307 143 51663  0.29774  756 1 2 694  25 0.6010 65  0.40486 -0.01872 -0.03460 0.02521 0.04573 -0.02419 -0.05156 -0.00702 -0.05120 0.01505
463 307 152 51663  0.35831  752 1 3 510 691 0.5637 83  0.37192 -0.03005 0.01072 0.08266 0.11342 -0.04091 0.00613 -0.07014 -0.00380 0.03793
464 307 160 51663  0.30266  756 1 3 695 711 0.5358 65  0.33956 0.00689 -0.04928 0.06541 -0.00022 -0.03304 -0.00410 0.06773 0.00674 -0.03206
465 307 177 51663  0.24723  752 1 3 507  94 0.8542 27  0.70256 -0.25488 -0.01480 0.00154 0.03827 -0.07118 -0.03039 0.00622 -0.01173 0.01328
466 307 188 51663  0.18029  756 1 2 692  34 1.3284 27  1.42073 0.10708 0.02921 -0.12927 0.05728 0.05606 -0.09282 -0.07605 0.01540 -0.01927
467 307 192 51663  0.17970  756 1 2 692 236 1.2844 27  1.33299 0.09507 -0.01740 0.01359 0.04806 -0.00672 -0.10499 -0.06438 0.05066 -0.02415
468 307 201 51663  0.28495  756 1 1 692 436 0.6920 65  0.50278 -0.11496 -0.02284 0.01772 -0.01420 0.04575 -0.03000 0.05937 0.02235 0.01013
469 307 203 51663  0.35878  752 1 1 508 444 0.5369 83  0.32945 -0.01329 0.01727 0.00125 -0.02356 -0.05641 0.01828 0.00431 0.03210 0.01236
470 307 211 51663  0.29182  756 1 1 692 267 0.6819 65  0.54367 -0.04125 -0.05437 -0.05441 -0.05425 -0.01499 0.02611 -0.04620 0.02089 -0.00051
471 307 221 51663  0.33742  752 1 3 506  48 0.5674 83  0.38349 0.06164 0.03483 0.03297 0.03912 0.09886 -0.00494 -0.01818 0.01360 0.03361
472 307 226 51663  0.33519  756 1 2 691 1306 0.5568 75  0.33306 -0.05572 0.02571 0.03709 -0.02660 -0.00929 0.03805 0.05757 0.01512 -0.02438
473 307 227 51663  0.17863  752 1 3 506 270 1.1883 27  1.20357 0.06194 0.07803 0.04550 0.01723 -0.01418 -0.08410 -0.05986 0.04939 0.02233
474 307 229 51663  0.33636  756 1 2 692 466 0.5623 79  0.38029 -0.06296 -0.02354 0.05671 0.04596 0.00346 0.01504 -0.01327 0.01068 -0.02915
475 307 233 51663  0.33682  752 1 3 505 364 0.6460 81  0.50225 0.04307 0.03970 0.04799 0.05830 0.06228 -0.00132 -0.03467 0.03515 -0.05522
476 307 240 51663  0.32521  756 1 2 691 1071 0.6732 65  0.59708 0.03330 0.02659 0.07216 0.00885 0.00789 0.00405 0.04945 -0.03930 0.01991
477 307 264 51663  0.34089  756 1 3 690 499 0.6118 83  0.40514 0.04312 0.04175 -0.00756 0.01860 0.04166 0.04081 -0.02418 -0.02987 0.04498
478 307 272 51663  0.37005  752 1 2 504 417 0.5343 83  0.22030 0.03104 -0.07497 0.05143 0.00186 -0.04885 -0.03008 -0.09033 -0.12131 -0.06555
479 307 281 51663  0.28629  752 1 1 503  43 0.7515 65  0.62475 0.02514 0.02445 -0.00516 -0.07726 0.04899 -0.02083 -0.07019 -0.00630 0.04566
480 307 286 51663  0.25715  756 1 1 688 522 0.6875 27  0.44940 0.01755 0.01742 -0.06288 0.06444 0.03594 -0.06242 0.05250 0.04507 -0.01861
481 307 291 51663  0.34775  756 1 1 686 535 0.5737 83  0.20129 -0.13644 0.01584 0.03902 -0.12396 0.06183 0.04435 -0.29259 0.05269 -0.06286
482 307 293 51663  0.28359  752 1 2 501 256 0.7166 65  0.53539 0.05506 -0.03104 0.00503 -0.01977 0.07134 0.02825 0.01484 0.00799 -0.02022
483 307 297 51663  0.25568  756 1 1 688 310 0.6714 27  0.37004 0.01850 -0.04672 -0.00322 0.07708 -0.02947 -0.10045 -0.00096 0.00875 -0.03251
484 307 300 51663  0.21595  756 1 1 688 186 0.9608 27  0.88876 0.09938 0.07253 0.04362 0.07532 -0.02923 0.01914 -0.02389 0.00532 0.02634
485 307 303 51663  0.22210  756 1 2 686 231 0.8139 27  0.25032 -0.91110 -0.02212 -0.05367 0.07351 -0.07074 0.04367 0.04741 0.03155 -0.01140
486 307 306 51663  0.25502  756 1 2 685 262 0.8141 27  0.60764 0.09605 -0.03808 -0.13329 0.08743 0.06078 0.01914 -0.03779 -0.00926 -0.02400
487 307 311 51663  0.22066  752 1 3 503 270 0.8414 27  0.72890 0.09308 0.00563 0.02044 -0.00185 0.02123 -0.00581 -0.04417 0.01103 -0.00571
488 307 315 51663  0.21985  752 1 3 499 226 0.8002 27  0.63784 -0.00287 0.01361 0.00728 0.03811 0.09511 -0.01628 0.03113 -0.07678 0.03213
489 307 322 51663  0.33982  752 1 6 501 465 0.6052 83  0.41510 0.00417 -0.01569 0.02228 -0.01079 0.00581 0.02128 0.00588 0.01066 -0.02725
490 307 327 51663  0.35414  752 1 6 502 418 0.5737 83  0.29831 0.02468 -0.04395 -0.07691 0.01436 0.01169 -0.01403 -0.03288 0.04902 -0.00581
491 307 334 51663  0.48114  756 1 5 686 594 0.5492 83  0.21773 0.04017 -0.06577 -0.12533 -0.19201 0.05254 -0.10345 -0.08113 -0.04149 -0.01093
492 307 335 51663  0.42829  756 1 5 687   7 0.5593 83  0.23460 0.00052 0.09116 0.01651 0.04470 0.04759 0.07769 0.00806 0.01267 0.08118
493 307 339 51663  0.43302  756 1 5 688 325 0.4859 83  0.17158 0.03767 0.00605 0.09309 0.11307 0.11559 0.09155 0.01843 0.03148 0.03783
494 307 345 51663  0.43150  756 1 4 685 476 0.4548 83  0.24142 -0.00504 0.05360 0.02068 -0.06445 0.03582 -0.04875 0.03043 0.05360 -0.02021
495 307 364 51663  0.49037  756 1 6 688 428 0.5719 83  0.23581 0.02140 0.11992 0.03242 -0.01484 -0.01128 -0.06844 0.04460 0.09318 -0.24176
496 307 370 51663  0.22269  756 1 6 688 139 0.9389 27  0.81962 0.09714 0.02102 -0.04291 0.01829 -0.00077 -0.00706 0.02353 -0.00543 0.01515
497 307 372 51663  0.38249  756 1 5 690 651 0.4969 83  0.23224 0.01035 0.01666 0.04903 0.04295 0.00763 0.00351 -0.06791 -0.00988 -0.03058
498 307 388 51663  0.21641  752 1 5 503  21 1.1450 27  1.12972 0.08237 0.05083 0.02995 0.03879 0.07467 -0.04311 -0.05352 -0.01970 0.03683
499 307 396 51663  0.27979  752 1 4 503 236 0.8381 65  0.76129 0.05092 -0.00631 0.04104 0.00651 -0.01513 -0.00636 -0.03789 0.03238 -0.00215
500 307 410 51663  0.34170  756 1 6 691 355 0.6047 83  0.47845 -0.09696 0.03248 -0.01951 -0.00417 0.03826 -0.03576 0.04161 -0.01400 -0.01760
501 307 415 51663  0.40061  752 1 6 506 601 0.4701 83  0.22286 -0.04858 0.03388 -0.02220 -0.06760 -0.00354 0.00133 -0.03326 0.03161 -0.02395
502 307 418 51663  0.41497  756 1 5 691 461 0.5010 83  0.27984 -0.01468 -0.02777 0.01743 -0.04644 -0.01071 -0.09782 0.01911 -0.04598 0.00390
503 307 422 51663  0.33780  752 1 4 504 251 0.6878 83  0.56585 0.00654 0.04807 0.01827 0.00027 0.03828 -0.02176 -0.01254 0.01054 -0.00731
504 307 428 51663  0.28298  756 1 4 691 705 0.6135 65  0.37071 -0.02617 -0.02292 -0.03405 0.01158 0.01205 -0.03390 -0.04694 0.03736 0.01566
505 307 450 51663  0.25989  752 1 6 508 222 0.7801 32  0.72632 0.02098 -0.03589 -0.03310 0.01799 -0.02497 -0.00388 -0.01037 0.02970 -0.02645
506 307 453 51663  0.31192  752 1 6 508 777 0.6892 65  0.56192 0.04406 0.00201 0.03618 -0.03786 0.03403 0.02528 0.10038 0.02978 0.01149
507 307 454 51663  0.31228  756 1 6 693 499 0.5653 65  0.37443 -0.05081 0.03312 0.03050 -0.02451 -0.01359 0.02684 0.02285 0.01286 -0.00245
508 307 485 51663  0.15036  756 1 5 695 109 1.5209 17  1.64760 0.09301 0.05770 -0.04596 0.02904 -0.01402 -0.04428 -0.06265 0.02600 0.02590
509 307 503 51663  0.27986  752 1 5 511 226 0.7082 65  0.60082 0.07040 0.02332 0.06063 -0.04265 -0.02697 -0.04327 0.01760 -0.01590 0.04214
510 307 512 51663  0.25611  756 1 4 696 442 0.6947 27  0.52517 -0.04635 -0.09019 0.01250 0.03753 -0.01850 -0.02281 0.01035 -0.01641 -0.06920
511 307 514 51663  0.30180  752 1 4 511 271 0.7709 65  0.67583 0.03579 -0.01001 0.03397 -0.02662 0.00766 0.00655 0.02226 -0.02568 -0.01699
512 307 524 51663  0.31492  752 1 6 510 656 0.5461 65  0.41463 -0.07387 -0.00521 0.02518 -0.00483 -0.00078 -0.04340 -0.01238 0.04380 0.01567
513 307 526 51663  0.34288  756 1 6 695 540 0.5587 83  0.45204 0.01232 0.04894 0.01294 -0.00813 0.00726 0.01399 0.03011 0.01938 0.02008
514 307 528 51663  0.28001  756 1 6 695 386 0.5967 65  0.39712 -0.04637 -0.04303 -0.01728 -0.01108 -0.01444 0.01013 -0.00818 -0.01222 -0.04662
515 307 531 51663  0.34377  756 1 6 694 621 0.5746 83  0.38613 -0.42845 0.06008 -0.03451 0.08376 0.07901 -0.00693 -0.03488 -0.03432 0.04476
516 307 533 51663  0.25962  756 1 5 695 696 0.6408 31  0.52452 -0.00745 -0.03691 -0.03327 0.00102 -0.00723 -0.04811 0.00893 0.03834 -0.01826
517 307 540 51663  0.31294  752 1 6 510 483 0.6045 65  0.48340 -0.00041 -0.03682 -0.01745 -0.03444 0.03194 -0.00510 0.06292 0.03502 -0.02448
518 307 552 51663  0.17966  752 1 4 511 188 1.3800 27  1.51173 0.09490 0.08845 -0.02150 0.02121 0.03530 -0.05200 -0.01436 -0.00850 0.05453
519 307 555 51663  0.40114  756 1 3 696 776 0.4668 83  0.18834 0.00230 -0.01575 -0.05452 0.06458 0.03550 0.07907 -0.03979 -0.03821 -0.01304
520 307 559 51663  0.34577  752 1 4 511 825 0.6007 83  0.44504 0.01081 0.03936 0.00317 0.01134 0.00484 0.00397 -0.04272 -0.03400 -0.05246
521 307 570 51663  0.34331  756 1 6 698 563 0.4465 83  0.18968 -0.06861 0.03122 -0.06670 0.03899 0.03114 0.03463 -0.01240 -0.05180 -0.00726
522 307 574 51663  0.25928  756 1 5 696 591 0.6513 30  0.54046 -0.00497 -0.03847 -0.01998 -0.00274 0.01250 0.00818 0.00624 0.00662 -0.02220
523 307 583 51663  0.17089  752 1 4 515 151 1.4234 27  1.57460 0.05860 0.06217 0.01018 -0.06372 -0.03039 -0.00423 -0.05394 0.04791 0.06438
524 307 592 51663  0.17675  756 1 4 700 218 0.9870 27  0.95316 0.12536 0.05161 0.00587 0.02467 0.04676 -0.02235 -0.01784 0.04753 -0.04353
525 307 597 51663  0.32142  752 1 5 514 518 0.5652 65  0.38657 -0.02549 -0.01470 0.01995 -0.01011 -0.02178 -0.07210 0.01512 0.02080 0.00976
526 307 599 51663  0.17867  756 1 4 700 214 1.0146 27  1.00449 0.08178 0.04087 -0.00361 0.03888 -0.00220 0.01627 -0.00778 0.02541 -0.01196
527 307 606 51663  0.37337  756 1 6 699 493 0.5592 83  0.30400 -0.02190 0.08011 0.02213 -0.01310 0.00155 -0.06347 0.01400 -0.02227 -0.05464
528 307 620 51663  0.35897  752 1 6 517 221 0.5059 83  0.22644 -0.10220 -0.01784 0.00832 0.08230 -0.01417 0.03305 0.02686 0.01617 -0.05524
529 307 622 51663  0.30537  756 1 4 703 651 0.5512 65  0.19652 0.01046 0.03784 0.03821 -0.15947 -0.05996 -0.01478 -0.12926 0.05779 0.07430
530 307 625 51663  0.34437  756 1 4 704 357 0.5151 83  0.31023 -0.00769 0.02383 0.09294 0.02179 0.01408 -0.00356 0.01810 -0.05500 -0.05418
531 307 628 51663  0.29487  752 1 4 517 719 0.5897 65  0.31691 -0.03299 -0.10925 0.07166 0.02443 -0.04534 -0.03402 -0.02008 -0.06549 -0.04999
532 307 629 51663  0.33052  752 1 4 518  51 0.5751 73  0.31237 0.03166 -0.01676 0.04724 -0.06242 -0.06620 0.09872 0.00182 0.02681 0.02452
533 307 636 51663  0.30347  756 1 4 704 397 0.6213 65  0.31570 0.01615 -0.01596 0.00653 -0.08122 -0.07377 0.01626 -0.10795 0.00413 0.15337
534 308  12 51662  0.32303  756 1 1 714 480 0.6379 65  0.39921 -0.07928 0.03560 -0.10671 0.00879 -0.01849 0.01234 0.01300 0.00582 0.04813
535 308  16 51662  0.50931  756 1 1 715 341 0.5824 70  0.22122 0.00130 0.01756 -0.04172 0.17266 -0.02621 0.10861 -0.04832 -0.06632 -0.12216
536 308  18 51662  0.21731  756 1 1 713 191 0.8288 27  0.71315 0.03996 0.00505 0.02783 0.00479 0.06053 0.03098 0.01279 0.04145 -0.02349
537 308  26 51662  0.43525  756 1 2 715 697 0.5782 83  0.35740 0.01486 -0.11849 0.16691 -0.01583 0.06217 0.15500 -0.11338 0.00450 0.02799
538 308  33 51662  0.31602  756 1 2 716 516 0.6154 65  0.48473 0.03950 0.02460 0.00617 -0.00402 -0.04335 -0.01339 0.06502 -0.03836 0.02030
539 308  45 51662  0.47357  752 1 1 526 399 0.5062 83  0.22841 0.01686 0.09073 0.06980 0.02394 -0.10942 -0.02778 -0.02156 -0.27563 -0.00182
540 308  57 51662  0.31280  752 1 2 526 537 0.6928 65  0.56713 0.00859 0.04842 -0.00618 0.06679 -0.02178 0.04175 0.05427 -0.02145 0.06383
541 308  98 51662  0.52558  756 1 1 709 502 0.5462 66  0.24046 -0.06492 -0.08382 0.01930 0.02397 -0.04896 -0.12862 0.11056 -0.04020 0.01363
542 308 101 51662  0.32749  756 1 2 711 637 0.5260 65  0.27432 -0.24835 0.03907 -0.03329 0.01831 0.01558 -0.01492 0.02198 -0.03277 0.06127
543 308 103 51662  0.25136  752 1 3 527 187 0.7044 27  0.61862 0.05987 0.02647 0.05117 0.01937 0.02031 -0.03794 -0.00449 0.00497 0.01671
544 308 108 51662  0.25179  752 1 3 526 233 0.7432 27  0.64789 -0.03464 -0.01562 0.05413 -0.03582 -0.05659 0.00796 0.00344 -0.00936 0.00318
545 308 120 51662  0.25210  752 1 3 527  68 0.7880 27  0.74687 -0.01000 0.06630 0.03194 -0.05127 -0.03202 -0.05202 0.02117 0.01708 -0.00831
546 308 138 51662  0.35018  756 1 1 706 621 0.5172 83  0.36264 -0.04858 -0.05151 0.00458 -0.03334 0.02881 -0.01992 0.02076 0.00526 -0.01609
547 308 178 51662  0.17504  752 1 3 523 179 1.2252 27  1.28470 0.05627 0.07605 0.01752 0.01819 0.07274 -0.03611 -0.03275 0.06582 0.04485
548 308 180 51662  0.21058  752 1 2 523 268 0.9027 27  0.86026 -0.04687 0.00049 0.00800 0.04279 0.01951 -0.00476 -0.00275 0.00445 -0.01684
549 308 182 51662  0.28742  752 1 2 521 436 0.5984 65  0.44421 0.04258 -0.03013 -0.05380 -0.00430 -0.00824 -0.00442 -0.01298 0.01121 0.03468
550 308 193 51662  0.30909  756 1 2 706 815 0.5228 65  0.36788 0.02640 0.04539 -0.00148 0.01038 0.00340 -0.03743 -0.02793 0.01083 -0.03936
551 308 197 51662  0.34192  752 1 3 522 418 0.5272 83  0.36800 -0.00986 0.05120 0.04424 -0.03214 -0.00266 0.00971 0.02762 0.00099 0.02499
552 308 200 51662  0.34231  756 1 2 707 338 0.5126 83  0.37220 -0.00690 0.00483 0.01475 0.02096 0.01214 -0.01854 -0.02339 -0.00138 0.02785
553 308 201 51662  0.39243  752 1 1 520  16 0.5225 83  0.33534 0.00684 -0.01312 -0.06064 0.03900 -0.00420 -0.01329 0.00229 0.04844 0.01738
554 308 203 51662  0.34828  752 1 1 520 363 0.4856 83  0.31757 0.04100 -0.00583 -0.02019 -0.00650 -0.00287 0.03488 -0.01060 -0.07069 0.00713
555 308 209 51662  0.39120  752 1 1 518 778 0.4653 83  0.31260 0.02695 -0.02090 -0.01015 0.02332 -0.00210 0.04401 0.01938 -0.03570 -0.03233
556 308 213 51662  0.39939  756 1 1 704 431 0.4517 83  0.30750 0.01958 0.01305 -0.02270 0.04878 -0.00931 0.00484 0.04938 0.00199 0.07636
557 308 227 51662  0.30554  756 1 2 702 698 0.6124 65  0.47555 0.02945 0.04683 -0.01600 -0.01573 -0.02582 -0.02869 -0.06259 -0.00683 0.00942
558 308 231 51662  0.26235  756 1 3 705 555 0.6497 41  0.54318 0.03632 0.01064 0.01967 0.01945 -0.02055 0.00354 0.00138 0.03293 0.01843
559 308 232 51662  0.37583  752 1 2 517 495 0.5014 83  0.35286 0.01319 0.01086 0.01248 0.00387 0.00376 -0.03292 -0.00588 -0.00319 -0.00771
560 308 235 51662  0.34768  752 1 3 516 883 0.4895 83  0.33561 0.00051 -0.03406 0.04064 -0.00937 0.02498 0.00891 -0.00182 0.01051 -0.00989
561 308 237 51662  0.29156  756 1 3 705 641 0.4353 65  0.15111 -0.07312 -0.03784 -0.01185 0.01424 -0.04537 0.07242 0.00262 0.05568 0.00883
562 308 244 51662  0.37731  752 1 1 518 534 0.5460 83  0.35922 0.01193 0.01216 -0.04394 -0.00312 -0.02695 -0.03779 0.02200 -0.02451 0.00040
563 308 246 51662  0.44721  756 1 1 702 517 0.4240 83  0.24084 -0.07657 -0.01796 0.00164 -0.02633 0.03196 0.06490 -0.00165 0.04919 -0.02587
564 308 252 51662  0.34431  756 1 1 703 590 0.4472 83  0.27004 -0.02659 -0.01928 -0.01238 -0.01624 0.02690 0.01133 0.01685 -0.00989 -0.04204
565 308 254 51662  0.37400  756 1 1 703 367 0.4745 83  0.19645 0.01438 -0.01519 0.00683 0.09769 0.03200 0.01618 -0.03742 0.02326 0.10449
566 308 285 51662  0.30602  752 1 1 516 316 0.6295 65  0.48171 -0.07812 0.00270 0.02674 -0.01903 -0.02158 -0.02368 0.00050 -0.01417 0.01020
567 308 301 51662  0.37024  752 1 3 515 533 0.4334 83  0.19436 -0.01711 0.00271 0.00627 0.00981 0.07094 -0.03007 0.04083 -0.08107 -0.02995
568 308 319 51662  0.40067  756 1 2 698 472 0.5565 83  0.40651 0.02287 -0.03829 -0.00402 -0.02171 -0.01020 -0.06853 0.00341 0.03919 0.01112
569 308 323 51662  0.45615  752 1 5 514 695 0.4386 83  -0.02096 -0.02138 0.03814 -0.06028 -0.02632 0.06578 -0.09572 0.05418 0.03585 0.01506
570 308 346 51662  0.34672  756 1 3 701 104 0.5170 83  0.40211 0.03984 0.01975 -0.01612 -0.01468 0.01127 0.01368 -0.02835 0.00061 0.01104
571 308 352 51662  0.34505  756 1 3 700 421 0.4652 83  0.28811 0.02408 0.00353 0.02440 -0.02198 -0.04095 0.01269 0.00419 0.05628 -0.02937
572 308 358 51662  0.36362  756 1 3 698  84 0.4851 83  0.32480 0.03275 0.01436 0.04155 0.02947 -0.01142 -0.00142 0.01662 0.05262 0.00462
573 308 360 51662  0.44879  756 1 3 700 760 0.3970 83  0.20657 -0.03143 0.02285 -0.02065 0.00849 0.01179 0.01254 0.03140 0.00887 -0.03695
574 308 386 51662  0.29146  756 1 4 700 398 0.6224 65  0.48666 0.04258 0.01231 0.03637 0.06981 0.03406 0.00350 -0.00305 0.00015 -0.00817
575 308 389 51662  0.37119  756 1 3 702 768 0.5227 83  0.35607 0.02984 0.00564 -0.00735 -0.02378 0.01563 0.05401 0.01510 -0.01832 0.03257
576 308 400 51662  0.48967  756 1 3 703 472 0.4948 83  0.22200 -0.04327 -0.05515 -0.02117 -0.05199 -0.02758 0.10036 0.04160 -0.15587 0.10531
577 308 419 51662  0.29593  752 1 6 519 678 0.5061 65  0.29831 -0.02455 -0.01577 0.04097 0.09744 -0.00728 -0.01797 0.00319 -0.02674 0.00647
578 308 421 51662  0.29446  752 1 4 519 916 0.5540 65  0.35114 0.01332 0.00737 0.02828 0.03846 -0.00994 -0.03985 0.02574 -0.02258 0.01788
579 308 422 51662  0.29666  752 1 4 518 235 0.7259 65  0.64665 0.03348 0.08687 0.04564 0.10256 0.04218 0.01073 0.03245 0.01931 0.06504
580 308 428 51662  0.16901  756 1 4 700 250 0.7282 27  0.51487 -0.02380 -0.00043 0.01956 -0.02575 -0.00434 0.06943 0.05656 -0.01269 0.00643
581 308 461 51662  0.34311  756 1 4 706 544 0.4556 83  0.25864 -0.00045 0.02071 0.01497 0.01666 0.00646 0.01802 0.00566 -0.01028 -0.02888
582 308 466 51662  0.34451  752 1 4 521 531 0.4470 83  0.24755 -0.00403 0.01791 -0.03124 0.04653 -0.01722 -0.00845 -0.06674 -0.03262 0.02034
583 308 489 51662  0.42523  756 1 4 708 657 0.3948 83  0.20678 -0.07358 -0.04013 0.00756 0.00357 0.03134 0.02639 0.07246 -0.08712 -0.02399
584 308 505 51662  0.44014  752 1 5 525 450 0.4127 83  0.23851 -0.01353 0.02549 -0.03468 -0.04473 -0.02730 -0.03453 0.03518 -0.03467 0.02797
585 308 509 51662  0.44209  752 1 5 525 650 0.4570 83  0.30545 0.02358 0.00403 -0.00302 -0.00809 0.00893 0.00773 0.03798 -0.02016 0.04097
586 308 515 51662  0.36040  752 1 4 526 438 0.4786 83  0.34636 0.01347 0.04940 0.02495 0.00983 -0.01507 -0.04824 -0.02567 0.01656 0.01330
587 308 520 51662  0.44027  756 1 4 710 723 0.3976 83  0.25026 0.00578 -0.02270 0.01590 0.00951 -0.04683 -0.01856 0.02739 -0.01744 0.04156
588 308 525 51662  0.29778  756 1 6 709 571 0.5416 65  0.47235 0.03927 0.01469 -0.03091 0.00127 0.00302 0.01216 0.02582 0.02445 0.00027
589 308 531 51662  0.16934  756 1 6 709 224 0.8832 27  0.81149 0.00866 0.04020 -0.04957 0.00455 -0.02658 0.04501 -0.02632 0.02381 0.00928
590 308 533 51662  0.39233  756 1 5 710 547 0.4100 83  0.27457 -0.02911 0.01505 -0.01830 0.00903 -0.00383 0.02301 -0.03119 -0.00600 0.02108
591 308 539 51662  0.17210  752 1 6 524 214 1.0012 27  1.02923 -0.31713 0.09184 -0.00822 0.02783 0.00397 -0.01097 -0.00603 -0.00450 0.01300
592 308 553 51662  0.17541  752 1 4 527 225 1.3215 27  1.48733 0.10663 0.03543 0.05456 -0.00581 -0.02191 -0.00187 -0.03293 0.07612 0.01003
593 308 562 51662  0.37496  756 1 6 710  21 0.5065 83  0.34416 -0.14510 -0.03556 -0.00633 0.03260 0.02717 0.00187 -0.01454 -0.06087 0.04303
594 308 576 51662  0.42330  752 1 6 526 538 0.4600 83  0.30692 -0.01718 -0.04440 -0.04980 -0.04395 0.13192 0.03459 0.00907 -0.10122 0.04200
595 308 580 51662  0.45044  756 1 6 711 390 0.4462 83  0.27725 0.02355 0.02863 -0.02224 0.02557 0.00725 -0.07275 -0.04830 0.01506 0.07454
596 308 592 51662  0.44659  752 1 5 527 510 0.4187 83  0.26735 0.03685 -0.01657 0.01926 0.01847 0.01660 -0.01945 -0.00638 -0.03892 0.00080
597 308 602 51662  0.21172  752 1 6 527 167 0.7429 27  0.58755 0.01859 0.00214 0.01545 0.03294 -0.02396 -0.02832 -0.01944 0.01039 0.01583
598 308 603 51662  0.42109  752 1 6 527 201 0.4522 83  0.25044 0.02333 0.05454 -0.03916 -0.01235 -0.01233 -0.00015 -0.02200 -0.00721 -0.00728
599 308 605 51662  0.37327  752 1 6 527 779 0.4346 83  0.22183 -0.00881 -0.02880 0.01370 -0.01310 -0.02083 -0.03861 0.00622 -0.01409 -0.03410
600 308 606 51662  0.37437  756 1 5 713  20 0.4512 83  0.26430 0.01416 -0.01762 0.02008 0.01545 -0.00866 -0.03912 -0.00727 -0.01546 -0.00160
601 308 612 51662  0.21206  752 1 6 527 129 1.0334 27  1.05167 0.05240 -0.01847 0.01563 0.01538 0.00199 0.05631 0.02736 0.00205 -0.00815
602 308 623 51662  0.42289  756 1 4 716 472 0.4500 83  0.21385 -0.02670 -0.04682 -0.07529 -0.15130 0.10941 0.06226 -0.10518 -0.08005 -0.06122
603 308 626 51662  0.48402  756 1 4 715 642 0.4847 83  0.24267 0.01138 -0.06794 0.04203 0.07955 -0.06583 0.15780 -0.17438 -0.16793 0.01483
604 308 629 51662  0.25137  752 1 4 530 386 0.5818 27  0.44295 0.01535 -0.00589 -0.06596 -0.00009 0.04731 -0.00951 -0.02449 0.01067 -0.01107
605 308 632 51662  0.18902  752 1 4 531 170 1.2127 27  1.29964 -0.11451 -0.15731 0.08825 -0.10255 0.01436 0.07914 0.04988 -0.01545 -0.03567
606 308 633 51662  0.36438  756 1 4 716 520 0.4884 83  0.31476 -0.07170 -0.05669 -0.03322 -0.00189 -0.12182 0.02719 -0.01905 0.05994 0.04707
607 309   2 51666  0.36827  756 1 1 726 534 0.7215 83  0.40139 0.02715 -0.03415 -0.10970 0.01702 0.06685 -0.01803 0.05884 0.02052 -0.02254
608 309   5 51666  0.29678  752 1 2 541 595 0.8486 65  0.55205 0.00111 0.00257 0.10635 0.03838 0.10125 -0.11571 -0.00150 -0.02415 0.02095
609 309  19 51666  0.33484  756 1 1 726 363 0.7026 74  0.38630 0.01404 0.07100 -0.00838 -0.08195 -0.04147 -0.01780 -0.02999 -0.02328 0.03465
610 309  22 51666  0.33569  756 1 2 729 706 0.6431 77  0.26968 -0.00259 0.06802 0.04149 -0.04816 0.02762 -0.04464 -0.01703 0.01640 -0.03258
611 309  23 51666  0.43427  752 1 3 544 623 0.6297 83  0.23742 0.01713 0.02607 -0.11836 -0.23977 -0.08793 -0.17964 0.11569 -0.11665 -0.00374
612 309  24 51666  0.43736  756 1 2 729 458 0.6508 83  0.19171 -0.01465 -0.11873 0.01840 0.11284 -0.22835 0.11816 -0.20531 0.19505 0.04525
613 309  30 51666  0.43976  752 1 3 543 429 0.6316 83  0.20064 0.01443 0.04825 0.04486 0.04214 -0.03539 0.03793 0.03605 0.05797 0.00963
614 309  33 51666  0.37655  752 1 4 543 484 0.7222 83  0.42349 0.09621 -0.07505 -0.09005 0.03441 0.04042 -0.02414 0.00767 -0.01655 -0.01420
615 309  35 51666  0.43795  756 1 2 729 167 0.6473 83  0.20075 -0.03873 -0.15011 0.03132 -0.00222 -0.12843 0.00436 -0.15669 -0.02027 -0.02697
616 309  38 51666  0.20134  756 1 3 728 705 0.8184 27  0.50702 -0.05836 -0.00837 0.00576 -0.04112 0.06545 0.02713 -0.04673 -0.05006 0.02733
617 309  49 51666  0.28104  756 1 1 725 515 0.8437 65  0.63172 0.01475 -0.04969 0.02362 -0.02557 0.02218 0.01420 0.01539 0.05280 0.04347
618 309  62 51666  0.23842  756 1 3 726 201 1.0273 27  0.82075 0.07294 0.11536 -0.05100 -0.06033 0.10456 -0.02434 -0.00960 0.00364 0.04181
619 309  67 51666  0.46817  752 1 4 542 529 0.7106 83  0.22243 -0.01095 -0.05044 0.15064 0.00754 0.22880 0.02252 -0.09677 0.22131 -0.18799
620 309  71 51666  0.23568  756 1 3 726 193 1.1008 27  0.93156 0.08543 -0.03197 -0.05517 0.07820 0.05782 0.13547 0.05228 0.03934 0.07837
621 309  73 51666  0.37574  752 1 4 540 140 0.5960 83  0.30830 0.02674 0.00156 -0.01598 0.04958 0.03394 0.00961 0.02753 -0.04312 0.00012
622 309  75 51666  0.18783  756 1 3 725 146 1.2390 27  1.03979 0.08038 -0.08929 -0.17997 -0.05541 -0.03196 0.01513 0.02528 0.02220 -0.01783
623 309  82 51666  0.28441  756 1 1 722 322 0.6845 65  0.41520 -0.10064 -0.05472 0.03531 -0.00728 -0.02097 -0.02346 0.05696 0.00084 0.06643
624 309 107 51666  0.37723  756 1 3 723 257 0.6677 83  0.36492 0.01509 0.02572 -0.03013 0.00613 0.01603 0.01720 0.04368 0.07028 -0.03181
625 309 129 51666  0.31437  752 1 1 536 399 0.6767 65  0.36479 0.02742 -0.02301 0.01659 -0.01554 -0.05951 0.06127 0.06157 0.01498 0.04891
626 309 136 51666  0.35885  752 1 2 535 150 0.5967 83  0.17427 -0.04298 -0.12395 0.10813 -0.02408 0.09744 -0.04956 -0.06454 -0.02415 0.14965
627 309 165 51666  0.37422  752 1 3 536 811 0.6010 83  0.28800 0.04351 0.00987 0.01473 -0.06428 -0.03205 -0.00804 0.04189 -0.04095 -0.03776
628 309 168 51666  0.37464  756 1 3 721 775 0.5935 83  0.23285 -0.02496 -0.01001 -0.05032 0.01453 0.04343 -0.04321 0.01768 -0.07592 0.02376
629 309 176 51666  0.37831  752 1 3 536 732 0.6888 83  0.37619 -0.06031 0.11142 -0.03757 0.12141 0.04049 0.10862 0.22197 -0.14132 0.16699
630 309 181 51666  0.28162  756 1 2 719 588 0.7969 65  0.65190 0.07984 0.10072 -0.02549 0.07438 -0.06349 -0.01122 -0.05236 -0.00593 0.06056
631 309 183 51666  0.46854  756 1 2 719 667 0.6285 83  0.29666 0.04804 -0.04120 -0.10515 -0.01898 0.10329 -0.02383 -0.03226 0.03376 0.03320
632 309 186 51666  0.38578  752 1 3 534 861 0.6134 83  0.29269 -0.02665 0.03656 0.03044 -0.03025 -0.05252 0.02796 0.00114 -0.01947 0.02669
633 309 190 51666  0.42913  752 1 3 535 521 0.6457 83  0.26603 0.03280 0.12125 -0.00464 -0.03380 -0.06972 -0.01612 -0.04272 0.04174 -0.08854
634 309 199 51666  0.23548  756 1 3 720 268 0.7956 27  0.59499 0.00651 0.09332 0.00126 0.00744 0.04158 -0.00634 -0.03610 -0.02217 0.01126
635 309 201 51666  0.29657  752 1 1 534 326 0.6177 65  0.34004 0.00867 -0.02440 0.01946 -0.03842 -0.01563 -0.04153 -0.04381 -0.04956 -0.00819
636 309 211 51666  0.29855  752 1 1 534 609 0.6471 65  0.42991 -0.03643 -0.06741 0.10844 0.03784 -0.04653 -0.09412 -0.03172 -0.00566 -0.01402
637 309 213 51666  0.42207  752 1 2 533 567 0.5912 83  0.19946 -0.01609 -0.02661 0.01487 0.04702 0.07341 0.01621 0.02725 0.06253 -0.01015
638 309 215 51666  0.21753  752 1 2 534 320 0.9782 27  0.87113 0.04139 0.01385 0.05984 -0.02810 0.00680 0.05511 0.07087 0.03459 -0.00468
639 309 216 51666  0.37759  756 1 1 719 567 0.7711 83  0.38376 -0.07491 0.43596 0.39055 -0.17613 0.07924 0.09594 0.05953 0.01201 -0.12920
640 309 227 51666  0.31397  756 1 3 718 526 0.6823 65  0.39622 -0.10051 0.03711 0.02984 -0.03679 0.04356 0.02710 0.07850 0.04104 0.00822
641 309 238 51666  0.21777  752 1 4 533 269 1.2167 27  1.19448 -0.05581 -0.07564 0.07697 -0.04051 0.08282 0.04846 0.09184 -0.00385 -0.09513
642 309 244 51666  0.31462  752 1 2 532 509 0.6492 65  0.35314 0.01590 0.01882 0.00380 0.02004 -0.02063 0.05531 0.01278 0.02400 -0.01755
643 309 245 51666  0.42970  756 1 1 717  79 0.5774 83  0.28069 0.01481 -0.01642 0.04666 0.05957 0.00923 -0.02379 -0.00448 -0.00748 0.02864
644 309 246 51666  0.27679  752 1 2 531 323 0.7559 65  0.56723 0.01066 0.03084 0.03177 0.02821 0.00820 -0.00649 -0.02702 -0.06315 0.07574
645 309 247 51666  0.31367  756 1 1 716 635 0.7095 65  0.44684 0.02721 -0.01929 -0.05355 0.02804 0.02037 -0.00970 -0.05968 0.02876 -0.01052
646 309 261 51666  0.43522  756 1 3 718 368 0.6310 83  0.20169 -0.01636 0.13464 -0.16672 -0.09652 0.09533 -0.05038 0.17886 0.05325 0.01873
647 309 269 51666  0.31512  756 1 2 717 504 0.7047 65  0.39091 0.04257 0.02782 -0.00170 -0.04574 -0.03927 -0.06283 -0.00583 0.05861 0.05778
648 309 285 51666  0.31434  756 1 1 716 581 0.6518 65  0.43495 0.02391 -0.02770 -0.01124 -0.09672 0.02225 0.03097 0.05920 0.01544 0.06397
649 309 288 51666  0.28635  752 1 1 531 410 0.7284 65  0.52297 -0.05025 -0.04093 0.01964 -0.03457 0.01384 0.03365 -0.00415 -0.05217 -0.01594
650 309 292 51666  0.36777  752 1 2 530 710 0.5841 83  0.21175 0.02827 -0.03206 0.03079 -0.05602 -0.02022 -0.12377 -0.03501 -0.08682 -0.07922
651 309 293 51666  0.26362  752 1 2 531 305 0.7592 45  0.59164 0.03424 -0.02846 0.01742 0.00812 -0.01583 0.02538 0.01464 0.03542 -0.03971
652 309 296 51666  0.31529  756 1 2 716 441 0.6136 65  0.39745 -0.00870 0.04044 0.03546 -0.02262 -0.00863 0.03880 -0.01206 0.02655 0.00895
653 309 305 51666  0.25242  752 1 3 527  68 0.8466 27  0.69933 0.02205 -0.02735 0.08146 0.01892 -0.01087 -0.06938 -0.00325 0.04168 -0.00911
654 309 322 51666  0.21137  752 1 6 527 168 0.7284 27  0.37345 0.03794 -0.02818 0.01185 0.00872 0.01719 -0.04417 -0.09569 0.01944 0.01891
655 309 327 51666  0.39098  756 1 6 714 761 0.6087 83  0.39049 0.02631 -0.01584 -0.08322 0.00415 0.02281 -0.05926 -0.07617 0.03449 0.01516
656 309 329 51666  0.39166  752 1 6 529 683 0.5479 83  0.26467 -0.17642 0.01012 -0.10548 -0.00160 -0.03524 -0.01869 -0.06229 0.07112 0.04275
657 309 331 51666  0.37361  752 1 6 527 779 0.6049 83  0.25848 0.02745 0.08674 -0.05816 -0.02319 -0.03686 -0.01255 0.03476 0.05636 0.04432
658 309 332 51666  0.42138  752 1 6 528  59 0.5543 83  0.27600 -0.02560 -0.07189 -0.05272 -0.08476 0.06707 -0.01275 0.03511 -0.01486 0.00097
659 309 348 51666  0.17480  756 1 5 712  42 1.3677 27  1.24385 -0.20047 0.18457 -0.10992 0.01781 0.00570 -0.05258 -0.17396 -0.03411 0.10810
660 309 364 51666  0.33721  752 1 6 530 505 0.5721 82  0.32740 0.02310 -0.01438 0.02534 -0.02597 -0.01741 -0.02317 0.02322 0.06434 0.00251
661 309 365 51666  0.37331  756 1 6 716 618 0.6477 83  0.32458 0.01499 -0.03721 -0.01467 0.05351 0.11958 -0.01661 -0.06176 0.00276 0.09745
662 309 366 51666  0.37594  756 1 6 716 188 0.5582 83  0.32317 0.00905 -0.08488 -0.03624 0.03677 0.05919 0.02533 -0.03110 -0.02729 -0.03632
663 309 368 51666  0.38583  756 1 5 717 461 0.5375 83  0.27189 -0.02536 -0.07801 0.01676 -0.02032 0.03987 -0.00259 -0.01415 0.00181 -0.01891
664 309 369 51666  0.48341  756 1 6 716 576 0.5381 83  -0.01183 -0.08056 0.06454 0.05513 -0.12076 -0.02539 -0.11192 -0.00722 0.02087 0.12082
665 309 387 51666  0.31944  756 1 4 717  23 0.5879 65  0.29626 0.00468 0.00027 0.01296 -0.01676 0.02059 -0.06538 0.01072 0.00389 -0.00165
666 309 388 51666  0.47954  756 1 5 716 713 0.5897 83  0.20696 0.01939 -0.05816 -0.03813 0.00233 -0.06820 0.03154 -0.01392 0.01162 -0.20522
667 309 403 51666  0.31553  752 1 6 533 165 0.7668 65  0.61020 0.06870 0.06962 0.02738 -0.00659 0.02160 -0.01452 0.00609 0.04803 0.02440
668 309 412 51666  0.37714  756 1 5 718 493 0.4917 83  0.20122 0.00895 -0.00561 0.01455 0.04161 -0.01236 -0.02215 -0.01734 -0.04592 -0.08716
669 309 414 51666  0.37665  752 1 6 532 648 0.5235 83  0.23956 -0.02729 -0.01441 -0.06747 -0.06273 -0.08008 0.00036 0.07255 -0.01787 0.03671
670 309 426 51666  0.24841  752 1 4 534 277 0.9498 27  0.83355 0.03632 0.06966 0.02248 -0.06180 0.02764 0.00925 -0.04977 -0.03003 0.03768
671 309 440 51666  0.31421  756 1 4 718 462 0.5972 65  0.30299 -0.01098 0.01250 -0.00959 -0.02790 0.01872 0.07162 0.08934 0.06370 0.02553
672 309 448 51666  0.24686  756 1 6 719 572 0.7258 27  0.39515 -0.15052 -0.00675 -0.03640 0.06067 -0.00995 0.01566 -0.06148 0.00713 0.08670
673 309 466 51666  0.32033  756 1 4 720 424 0.6891 65  0.52395 0.02525 0.01119 -0.05785 0.02453 0.00964 -0.02227 -0.02017 0.02884 -0.00214
674 309 471 51666  0.44209  752 1 5 534 712 0.4882 83  0.21945 0.01621 0.03216 -0.01390 -0.02131 0.12357 0.04337 -0.02285 -0.02226 0.01691
675 309 472 51666  0.25965  756 1 4 720 235 0.8293 31  0.73325 0.05991 -0.02792 0.04877 -0.03171 -0.01821 -0.07368 0.02581 -0.04285 -0.04297
676 309 477 51666  0.42493  752 1 5 534 801 0.5565 83  0.22012 -0.02346 0.05715 -0.01654 -0.05678 0.05499 0.03340 0.01524 0.01294 -0.00090
677 309 493 51666  0.49921  752 1 4 536 402 0.5193 83  0.26146 0.03219 0.05054 -0.02680 0.06333 0.08357 -0.19803 -0.10778 0.00831 -0.15512
678 309 521 51666  0.27748  756 1 6 721 278 0.7341 65  0.47141 0.01105 0.03319 0.02961 0.03476 0.01778 -0.03971 -0.02560 0.01246 0.10503
679 309 524 51666  0.23478  752 1 6 536 270 0.8917 27  0.75462 0.08679 -0.01779 -0.00780 0.02649 0.05434 -0.01388 0.02760 -0.04765 0.06289
680 309 532 51666  0.31550  752 1 6 536 489 0.6524 65  0.47480 0.04195 0.01626 0.03114 0.00417 -0.00869 0.04493 0.01051 -0.03144 -0.00432
681 309 533 51666  0.31930  752 1 6 535 586 0.6195 65  0.42027 0.03855 0.02049 0.00481 0.00227 -0.00688 -0.04115 0.07495 0.05284 0.02857
682 309 541 51666  0.48509  756 1 5 724 593 0.5942 83  0.23743 -0.00070 -0.00683 0.06328 -0.06679 -0.03654 -0.01372 -0.06077 0.01099 0.03600
683 309 543 51666  0.23830  752 1 4 539 277 0.9987 27  0.82304 -0.02379 0.27181 0.24003 -0.13007 0.06383 -0.02630 0.07719 -0.05133 0.07563
684 309 556 51666  0.43998  756 1 4 725 278 0.5229 83  0.21245 -0.04910 -0.07235 0.07377 -0.01424 0.04323 -0.01887 -0.02024 0.01204 0.00131
685 309 565 51666  0.43840  756 1 6 724 424 0.4726 83  0.18162 -0.02482 -0.00978 -0.01702 0.00552 0.12676 -0.05278 -0.05045 -0.04379 0.08300
686 309 589 51666  0.16518  756 1 5 727 254 1.2241 23  1.24695 -0.16738 -0.02406 -0.08674 -0.00689 -0.03697 0.02308 0.03191 0.01682 0.03390
687 309 597 51666  0.30505  752 1 5 541 592 0.6672 65  0.46752 0.01596 0.01956 -0.04981 0.03312 -0.02892 -0.05953 -0.05533 -0.03485 -0.03011
688 309 598 51666  0.44045  756 1 5 727 471 0.6352 83  0.38767 0.00375 0.03236 -0.02950 -0.09356 -0.01166 -0.00719 0.03017 -0.07654 -0.04087
689 309 605 51666  0.27044  756 1 6 726 519 0.8040 65  0.58629 -0.00226 0.05415 0.04555 -0.00631 -0.05673 -0.01228 -0.01976 0.05915 0.00734
690 309 610 51666  0.40250  756 1 5 728 503 0.5640 83  0.23586 0.05647 -0.05141 0.02032 0.06723 -0.06604 0.02124 -0.00699 0.01992 0.01858
691 309 624 51666  0.37638  752 1 4 543 423 0.5789 83  0.28450 0.01026 0.01815 -0.13357 -0.08053 -0.02819 0.03498 0.00030 -0.07213 -0.02203
692 309 635 51666  0.37359  756 1 4 727 538 0.6848 83  0.36425 0.00446 -0.04040 -0.01252 0.00667 0.00792 -0.01942 0.16483 -0.11298 -0.25234
693 309 637 51666  0.23440  752 1 4 542 283 1.0851 27  0.77581 -0.06174 -0.12183 -0.22405 -0.09528 -0.09767 -0.03593 -0.11043 0.10908 0.24256
