typedef struct {
 int cartid;
 char camname[3];
 int mjd;
 float xstart_tol;
 int nfiber;
 float fiberspace[25];
 float bundlegap[25];
} FIBERPARAM;


FIBERPARAM 10 b1 55026 70.0000 500 { 6.62009 6.61780 6.58496 6.56616 6.55664 6.55133 6.51831 6.54736 6.52966 6.52710 6.51318 6.50476 6.49707 6.51099 6.51880 6.49927 6.50757 6.52075 6.53564 6.54834 6.55811 6.55908 6.57349 6.58350 6.61670 } { 292.547 8.69803 9.83044 8.91998 10.2643 10.3642 8.74280 9.79065 8.96777 9.29663 11.6617 9.63098 8.56262 8.56128 9.62573 8.77075 10.5254 9.42261 9.62646 10.2383 9.02515 8.76782 10.3079 8.36865 8.89404 }
FIBERPARAM 10 b2 55026 70.0000 500 { 6.63657 6.61908 6.60272 6.59753 6.60071 6.56915 6.56226 6.57007 6.54224 6.55298 6.54749 6.54199 6.52490 6.56128 6.54126 6.53638 6.54834 6.51831 6.58325 6.58667 6.58667 6.59497 6.61743 6.64575 6.64722 } { 287.799 8.67062 8.25964 11.0685 9.94800 9.18524 9.44751 9.70947 11.1617 8.20740 10.5018 8.30505 9.64709 9.71045 9.58276 8.93481 9.92065 8.07983 12.0059 9.54639 7.96680 10.2676 10.7156 8.51416 10.3809 }
FIBERPARAM 10 r1 55026 70.0000 500 { 6.68103 6.67371 6.64838 6.62115 6.61469 6.57849 6.55200 6.57251 6.54626 6.55164 6.52991 6.52979 6.52258 6.53638 6.54004 6.53320 6.53247 6.55127 6.56812 6.57861 6.60791 6.61646 6.64404 6.65991 6.68604 } { 290.760 8.76849 10.0013 8.95789 10.3063 10.4527 8.79138 9.84570 9.02832 9.32800 11.6868 9.63721 8.60522 8.56592 9.64697 8.76929 10.5623 9.47778 9.70190 10.2954 9.08203 8.85742 10.4038 8.37817 9.05884 }
FIBERPARAM 10 r2 55026 70.0000 500 { 6.71887 6.68839 6.66650 6.66083 6.66327 6.62097 6.59509 6.60730 6.59155 6.56934 6.56946 6.55664 6.55310 6.58472 6.53906 6.58154 6.56372 6.54834 6.61548 6.62939 6.62549 6.63159 6.67065 6.68774 6.73291 } { 276.875 8.75681 8.45404 11.2499 10.0090 9.27539 9.52087 9.72107 11.1941 8.24817 10.6042 8.07410 9.58728 9.72778 9.63330 8.97046 9.96216 8.18701 12.0352 9.59839 8.13110 10.2534 10.8120 8.62476 10.3999 }
FIBERPARAM 11 b1 55026 70.0000 500 { 6.59406 6.60455 6.58215 6.59393 6.56445 6.55005 6.54944 6.53284 6.53589 6.51685 6.52539 6.50317 6.52075 6.50415 6.52490 6.50952 6.51099 6.58057 6.53882 6.54053 6.56519 6.58301 6.55908 6.61841 6.63477 } { 292.505 8.34012 8.91425 9.42938 9.53809 10.1204 9.72375 10.2935 8.58289 10.2893 8.91162 9.80713 7.83252 8.85083 8.71191 9.23193 10.6616 11.5854 8.78833 8.67407 9.23608 9.02295 10.6970 8.67114 8.67554 }
FIBERPARAM 11 b2 55026 70.0000 500 { 6.63998 6.61417 6.60602 6.57819 6.58087 6.56201 6.56091 6.54651 6.52917 6.56055 6.52832 6.54016 6.53174 6.52588 6.54346 6.54883 6.55396 6.53662 6.57617 6.60205 6.63135 6.60132 6.62720 6.61084 6.64160 } { 289.380 9.14517 8.35858 9.47028 8.64740 11.0959 9.13647 9.04980 8.55444 10.5444 11.5441 8.89856 8.90637 8.69434 11.0625 8.64478 8.84473 8.31909 11.0378 8.50854 9.10083 9.51611 10.6772 11.0222 8.87598 }
FIBERPARAM 11 r1 55026 70.0000 500 { 6.67325 6.67261 6.63708 6.63062 6.60101 6.59045 6.57703 6.56580 6.55493 6.53882 6.54822 6.51721 6.54578 6.53296 6.54492 6.54102 6.53784 6.58423 6.57129 6.58203 6.60913 6.63013 6.61475 6.68481 6.70923 } { 290.484 8.40869 8.93530 9.55170 9.57990 10.1835 9.78394 10.3190 8.63379 10.3033 8.93835 9.87329 7.78882 8.85010 8.68359 9.24097 10.7036 11.6560 8.78125 8.81787 9.19775 9.25854 10.7874 8.74414 8.72656 }
FIBERPARAM 11 r2 55026 70.0000 500 { 6.73291 6.68817 6.69141 6.64874 6.64209 6.62335 6.60693 6.59082 6.56909 6.59375 6.55066 6.55762 6.55481 6.56836 6.56665 6.57959 6.57397 6.57349 6.60742 6.63989 6.65674 6.65308 6.69507 6.66089 6.72534 } { 278.459 9.27249 8.47803 9.57385 8.74280 11.1799 9.21082 9.09753 8.57690 10.6416 11.5436 8.92493 8.84363 8.71973 11.0720 8.68433 8.88135 8.37939 11.0898 8.58057 9.17139 9.61572 10.7671 11.2244 8.90869 }
FIBERPARAM 12 b1 55026 70.0000 500 { 6.62271 6.61267 6.57739 6.56177 6.56030 6.57043 6.55627 6.52759 6.51208 6.53235 6.53149 6.51587 6.51489 6.51270 6.51343 6.51221 6.52588 6.53809 6.54712 6.53564 6.59424 6.56934 6.58032 6.59253 6.62012 } { 292.007 9.29959 9.40063 9.53656 8.89294 9.91058 9.18848 9.66870 10.6677 9.31531 7.90002 12.1545 9.27551 8.30908 9.11670 11.5405 8.60303 10.4097 9.01758 10.3748 9.26465 10.2756 9.42358 9.05273 9.70605 }
FIBERPARAM 12 b2 55026 70.0000 500 { 6.63391 6.62946 6.62042 6.60175 6.55170 6.56433 6.55530 6.56360 6.53040 6.54053 6.54749 6.54199 6.53442 6.55615 6.54321 6.55469 6.57300 6.54858 6.58740 6.58447 6.60083 6.57910 6.62598 6.64258 6.63428 } { 288.159 8.87347 9.64722 8.56793 8.58820 11.3784 9.23743 8.64709 10.3815 9.64209 9.04724 9.48792 9.20068 9.86401 9.45435 8.80225 9.05713 10.6968 10.4744 8.41211 8.69824 9.50537 8.51440 10.2156 9.79126 }
FIBERPARAM 12 r1 55026 70.0000 500 { 6.72372 6.68463 6.65833 6.60938 6.60309 6.60742 6.58569 6.56445 6.53979 6.54688 6.55884 6.54407 6.53259 6.53345 6.53247 6.54614 6.54907 6.56396 6.57886 6.58081 6.61646 6.63257 6.64526 6.64380 6.70239 } { 290.015 9.40277 9.39050 9.69952 8.96698 10.0051 9.23584 9.69714 10.6979 9.34558 7.83997 12.1849 9.31396 8.33496 9.16162 11.5698 8.63184 10.4546 9.08960 10.4375 9.27734 10.3235 9.47290 9.11499 9.82495 }
FIBERPARAM 12 r2 55026 70.0000 500 { 6.72232 6.69702 6.68982 6.66547 6.60901 6.62122 6.61304 6.60254 6.56213 6.57715 6.57214 6.56250 6.55469 6.56006 6.57446 6.55688 6.59375 6.58643 6.61694 6.62573 6.63647 6.63696 6.68115 6.67139 6.72339 } { 277.270 9.02130 9.79077 8.65021 8.66174 11.4789 9.27075 8.72107 10.4222 9.65027 9.02368 9.68164 9.26025 9.92700 9.49976 8.85889 9.09131 10.7512 10.5347 8.47046 8.82715 9.52344 8.65308 10.1326 9.92358 }
FIBERPARAM 13 b1 55026 70.0000 500 { 6.65579 6.61148 6.64227 6.56982 6.55945 6.55359 6.53821 6.53198 6.52710 6.52209 6.54797 6.51831 6.50610 6.51611 6.50537 6.52246 6.52246 6.52954 6.53491 6.56934 6.54907 6.57983 6.57837 6.65259 6.63184 } { 288.671 9.76547 9.40869 10.0430 9.26398 10.0341 9.25842 10.3507 9.15295 9.48083 9.46082 10.3241 8.50183 9.85864 9.60938 9.78247 9.13916 9.81030 9.59863 9.01562 10.3821 8.86548 10.1887 8.87988 9.88892 }
FIBERPARAM 13 b2 55026 70.0000 500 { 6.59329 6.62387 6.59888 6.58685 6.56384 6.55444 6.57117 6.55701 6.55359 6.56946 6.55042 6.54980 6.54004 6.52905 6.56201 6.55127 6.53467 6.58228 6.54248 6.58130 6.60059 6.62329 6.59009 6.62622 6.64551 } { 288.542 9.11679 8.97058 10.1835 9.95197 10.1038 8.57812 11.7018 8.72559 9.48779 10.1554 8.65771 8.28125 9.56128 9.97729 8.63110 10.8601 8.67505 9.71753 9.12720 10.8999 8.76465 8.59180 9.79077 9.84521 }
FIBERPARAM 13 r1 55026 70.0000 500 { 6.72119 6.69040 6.68768 6.63068 6.59973 6.60083 6.56653 6.56287 6.55579 6.54895 6.56226 6.52454 6.53540 6.53833 6.51978 6.54614 6.55420 6.56299 6.58130 6.61084 6.58911 6.63306 6.65405 6.65747 6.69238 } { 286.546 9.78778 9.44177 10.1203 9.36053 10.0930 9.34534 10.3949 9.20764 9.49402 9.48645 10.3561 8.50891 9.87988 9.66260 9.79688 9.16748 9.83447 9.65942 9.11523 10.3359 8.89355 10.3201 9.00732 10.0234 }
FIBERPARAM 13 r2 55026 70.0000 500 { 6.71158 6.73529 6.67230 6.65729 6.61401 6.60632 6.62524 6.58154 6.56702 6.60535 6.57947 6.60596 6.56860 6.56519 6.58252 6.57104 6.56055 6.59473 6.57031 6.62769 6.64429 6.65991 6.66846 6.69922 6.71948 } { 277.489 9.23059 9.08179 10.3096 10.0327 10.1427 8.64978 11.8560 8.73022 9.48523 10.1633 8.68872 8.34290 9.58203 9.95166 8.67017 10.9583 8.73535 9.77393 9.19800 11.0061 8.79639 8.74902 9.84717 10.0381 }
FIBERPARAM 14 b1 55026 70.0000 500 { 6.60257 6.60004 6.55670 6.57642 6.56012 6.54370 6.54675 6.52905 6.55200 6.51465 6.53662 6.54004 6.51282 6.53198 6.50513 6.51318 6.52173 6.54443 6.52417 6.54199 6.58398 6.56763 6.56665 6.56836 6.61963 } { 289.740 9.71640 9.12006 8.92065 9.49939 10.2286 9.40271 9.30054 8.98706 11.1010 9.28259 9.47217 8.35779 8.57593 9.74658 8.85986 11.1785 9.75879 9.54932 9.26855 9.55371 9.89575 9.67065 10.6519 9.32178 }
FIBERPARAM 14 b2 55026 70.0000 500 { 6.62885 6.62598 6.62000 6.59644 6.58026 6.53552 6.56006 6.55872 6.54456 6.54834 6.53748 6.55420 6.54932 6.55054 6.52319 6.52979 6.55688 6.54565 6.56982 6.60938 6.62427 6.60791 6.61230 6.62207 6.65259 } { 291.259 10.1039 9.42798 9.20886 8.73883 8.32574 9.54077 9.02405 9.03271 10.5265 9.27771 10.0326 9.79199 8.71826 9.17334 9.59888 9.98877 9.04199 9.11401 9.11182 8.68188 8.46069 8.46899 10.7852 9.15576 }
FIBERPARAM 14 r1 55026 70.0000 500 { 6.68668 6.66901 6.64825 6.62463 6.60089 6.60095 6.58838 6.56311 6.58533 6.53589 6.56140 6.53979 6.53101 6.55786 6.53931 6.55322 6.55396 6.57739 6.56494 6.59204 6.63599 6.62695 6.61255 6.65771 6.68896 } { 287.501 9.70544 9.18152 8.99963 9.58392 10.2540 9.44824 9.34399 9.00012 11.1287 9.30457 9.56995 8.34631 8.59448 9.70605 8.86304 11.1941 9.79858 9.57593 9.29395 9.61011 9.87305 9.89233 10.4309 9.44409 }
FIBERPARAM 14 r2 55026 70.0000 500 { 6.73840 6.70834 6.70099 6.66736 6.63672 6.57874 6.60522 6.59644 6.57007 6.57910 6.56812 6.58777 6.54700 6.57886 6.53052 6.56470 6.58594 6.59204 6.61743 6.64795 6.65869 6.65796 6.66797 6.69507 6.73267 } { 280.426 10.2077 9.55627 9.33228 8.81042 8.40338 9.60925 9.06299 9.08252 10.6385 9.36060 9.99426 9.90002 8.69678 9.22681 9.60986 10.0979 9.04370 9.16602 9.18457 8.71826 8.57788 8.69946 10.7046 9.20605 }
FIBERPARAM 16 b1 55026 70.0000 500 { 6.61761 6.61011 6.58783 6.58380 6.57892 6.56152 6.52747 6.53931 6.53247 6.50452 6.50134 6.51611 6.48901 6.52783 6.54517 6.50952 6.52954 6.52930 6.56006 6.53003 6.53540 6.55957 6.57690 6.56152 6.62134 } { 281.669 9.80829 9.82892 9.01416 9.76947 9.05286 10.0702 9.33203 10.0251 10.2756 8.15979 10.1057 9.62036 8.35474 10.1511 9.20483 10.5430 9.24463 9.35986 8.89746 9.61011 9.33862 9.17896 9.63721 9.65723 }
FIBERPARAM 16 b2 55026 70.0000 500 { 6.62616 6.63507 6.61414 6.60657 6.58069 6.56238 6.57361 6.54810 6.56787 6.54028 6.54749 6.52014 6.55371 6.56177 6.55469 6.55542 6.55933 6.55420 6.56226 6.56421 6.58203 6.59839 6.66724 6.65356 6.62231 } { 290.970 9.74457 8.48145 8.47107 9.92743 9.38495 9.79419 10.6497 9.67432 9.46313 9.42761 9.93811 9.08142 9.72363 9.22217 10.0730 8.82861 9.09839 10.5027 9.24390 9.70654 9.56055 10.4817 8.72314 9.94775 }
FIBERPARAM 16 r1 55026 70.0000 500 { 6.69711 6.68610 6.65668 6.63800 6.62585 6.58667 6.56714 6.57336 6.55457 6.52734 6.51550 6.53760 6.50928 6.55005 6.56665 6.53638 6.54907 6.54980 6.57373 6.58716 6.58984 6.61353 6.62744 6.64722 6.68579 } { 279.349 9.82562 9.87885 9.10950 9.84857 9.11340 10.1249 9.36963 10.0527 10.3256 8.16858 10.1403 9.66553 8.36060 10.1704 9.22559 10.5801 9.28784 9.46045 8.91504 9.63281 9.45728 9.28345 9.55127 9.84375 }
FIBERPARAM 16 r2 55026 70.0000 500 { 6.71866 6.72266 6.68738 6.65961 6.64539 6.61523 6.61707 6.58337 6.59106 6.57019 6.58069 6.55884 6.56519 6.55762 6.57373 6.57983 6.58350 6.57715 6.59253 6.63062 6.62061 6.63892 6.72974 6.71362 6.72363 } { 280.105 9.90399 8.61890 8.58478 10.0260 9.43854 9.81116 10.7952 9.75745 9.44592 9.42993 9.65759 9.00793 9.83057 9.20020 10.0796 8.91528 9.09497 10.5576 9.26440 9.81934 9.61548 10.5642 8.85034 9.90234 }
FIBERPARAM 17 b1 55026 70.0000 500 { 6.60077 6.58823 6.59357 6.57410 6.56915 6.55798 6.53918 6.53918 6.54065 6.53101 6.49500 6.52588 6.52612 6.51367 6.51294 6.49902 6.53149 6.52441 6.52002 6.54199 6.53711 6.57178 6.56421 6.60791 6.61450 } { 294.093 10.1088 8.75909 9.61108 9.32892 10.0587 8.58496 9.82983 9.97510 9.09680 9.60547 9.08069 9.45032 9.37329 8.92749 9.70728 9.97632 9.38354 9.53540 10.2327 9.41187 8.88867 9.61816 9.53564 10.7278 }
FIBERPARAM 17 b2 55026 70.0000 500 { 6.63293 6.60950 6.58868 6.60443 6.59125 6.56873 6.55994 6.57544 6.55017 6.52161 6.50781 6.51099 6.55176 6.53418 6.55347 6.53076 6.55005 6.56348 6.59863 6.58008 6.57983 6.62476 6.62207 6.64014 6.64697 } { 285.482 9.59781 9.07599 9.13794 13.1284 8.64069 9.14221 10.1942 9.61658 9.67236 9.58459 10.1281 9.33887 8.32764 8.66479 10.6631 8.74731 10.4248 9.48218 9.10645 9.72217 8.66602 8.56592 10.7107 9.17627 }
FIBERPARAM 17 r1 55026 70.0000 500 { 6.67618 6.67065 6.64050 6.62573 6.63702 6.58643 6.58850 6.56580 6.56018 6.53809 6.51855 6.53992 6.54163 6.53564 6.52856 6.53833 6.56567 6.55054 6.54834 6.56934 6.59302 6.61938 6.61816 6.66113 6.71118 } { 292.245 10.1956 8.98193 9.66559 9.30634 10.1122 8.63867 9.88867 10.0262 9.12903 9.60754 9.11646 9.45532 9.41772 8.94897 9.71582 10.0073 9.41870 9.58423 10.2866 9.47461 8.95557 9.82666 9.67139 10.7725 }
FIBERPARAM 17 r2 55026 70.0000 500 { 6.74420 6.70407 6.67957 6.65881 6.64539 6.60522 6.60364 6.60254 6.56775 6.56628 6.54700 6.53503 6.58264 6.56592 6.57373 6.55615 6.57349 6.59204 6.62256 6.62354 6.61304 6.67261 6.67261 6.68750 6.72632 } { 274.392 9.66534 9.10455 9.28174 13.2608 8.73547 9.22070 10.3668 9.58997 9.56409 9.63428 10.1252 9.49707 8.25073 8.69214 10.7158 8.78784 10.5283 9.53027 9.12524 9.79883 8.71167 8.72656 10.8279 9.29468 }
FIBERPARAM 15 b1 55026 70.0000 500 { 6.60266 6.59299 6.58472 6.59827 6.57605 6.55841 6.53601 6.54944 6.54541 6.52466 6.51135 6.52869 6.52368 6.51855 6.50757 6.52368 6.52759 6.53052 6.53296 6.56714 6.56665 6.56104 6.59204 6.61450 6.62744 } { 291.815 8.46408 8.46558 11.1890 9.01941 8.60687 9.87891 8.47754 10.6719 8.78662 10.0359 9.62732 8.35852 12.1958 11.1968 8.64307 9.45532 8.41992 9.61182 11.9170 8.67798 11.9800 8.60938 5.68677 8.35767 }
FIBERPARAM 15 b2 55026 70.0000 500 { 6.62778 6.63715 6.65515 6.59930 6.58875 6.59009 6.57996 6.56055 6.54858 6.52661 6.53625 6.55371 6.55029 6.54541 6.55103 6.54395 6.54443 6.53491 6.58643 6.57324 6.59399 6.61328 6.61304 6.63525 6.65894 } { 286.849 11.1510 8.55939 9.67249 8.65991 10.5090 8.29187 9.03625 10.0370 10.6476 8.47864 10.5206 8.29358 9.92065 13.3300 8.27710 9.57910 8.92041 9.11938 10.1904 9.11865 9.92700 8.82373 9.28052 9.04028 }
FIBERPARAM 15 r1 55026 70.0000 500 { 6.69772 6.67377 6.63898 6.65289 6.61426 6.59839 6.56079 6.58118 6.56567 6.53918 6.53735 6.54932 6.53418 6.53760 6.53149 6.55396 6.55249 6.56201 6.56592 6.61084 6.60205 6.62134 6.65063 6.66821 6.64185 } { 289.782 8.54663 8.54230 11.3178 9.09534 8.65222 9.94873 8.50708 10.7178 8.85925 10.0178 9.64978 8.39343 12.2202 11.2212 8.64600 9.49121 8.44995 9.64307 11.9624 8.69800 12.0371 8.73120 5.77661 8.51660 }
FIBERPARAM 15 r2 55026 70.0000 500 { 6.72620 6.72137 6.73431 6.65790 6.65283 6.63818 6.62488 6.59912 6.57202 6.54993 6.56128 6.57629 6.56909 6.56982 6.58081 6.57642 6.57129 6.56519 6.60889 6.61963 6.61377 6.64941 6.66382 6.69751 6.72461 } { 276.070 11.2720 8.66907 9.79083 8.73663 10.5933 8.34412 9.10706 10.0837 10.7233 8.46045 10.6129 8.32275 10.0908 13.1919 8.24707 9.61133 9.24976 9.14551 10.3826 9.18311 10.0391 8.87524 9.47241 9.44995 }
FIBERPARAM 18 b1 55026 70.0000 500 { 6.63828 6.59006 6.59070 6.56494 6.56927 6.54596 6.53442 6.54919 6.51611 6.51184 6.48584 6.52307 6.52368 6.50708 6.51221 6.52783 6.52295 6.52930 6.54126 6.56201 6.54883 6.57886 6.59424 6.61206 6.62061 } { 291.166 9.61725 8.69299 9.28131 9.48340 8.83771 9.22571 9.77380 9.00842 9.66638 8.89185 8.38635 10.2130 10.3682 8.94336 9.68726 10.6777 8.84082 9.36157 8.61523 9.84497 10.9111 8.44434 9.88354 9.28076 }
FIBERPARAM 18 b2 55026 70.0000 500 { 6.63702 6.61957 6.62201 6.58887 6.58643 6.57581 6.55640 6.56055 6.54749 6.54419 6.54004 6.56067 6.53564 6.53955 6.54126 6.54126 6.55542 6.54858 6.58447 6.58374 6.59277 6.60791 6.60986 6.61963 6.63940 } { 296.269 9.31662 9.74707 6.88513 9.68323 9.38745 9.83984 9.12268 9.94458 8.72339 9.04834 9.15417 9.20178 8.84253 9.52051 9.26465 8.68579 9.17188 9.43994 8.46387 5.80444 8.84546 9.79712 9.14819 9.79956 }
FIBERPARAM 18 r1 55026 70.0000 500 { 6.70911 6.68573 6.64264 6.63165 6.62115 6.58984 6.58777 6.56799 6.54565 6.52881 6.52930 6.54028 6.55066 6.55176 6.54663 6.56592 6.53857 6.55591 6.59058 6.60791 6.59180 6.64526 6.65210 6.67285 6.70190 } { 286.442 9.64005 9.83551 9.38599 9.53320 8.94037 9.29224 9.84961 9.10315 9.71826 8.88269 8.47583 10.2502 10.3635 9.01514 9.67651 10.7012 8.96387 9.42944 8.81226 9.83276 10.6616 8.83545 9.93652 9.48267 }
FIBERPARAM 18 r2 55026 70.0000 500 { 6.71985 6.68915 6.69653 6.65027 6.64111 6.62500 6.58691 6.59473 6.58179 6.58948 6.55640 6.59192 6.56299 6.56445 6.58252 6.57666 6.58105 6.58472 6.61230 6.62524 6.63403 6.66260 6.66162 6.70581 6.72314 } { 285.389 9.40887 9.83899 6.98059 9.77423 9.47766 9.84827 9.19934 9.97510 8.70789 9.03918 9.12805 9.27722 8.79126 9.57764 9.30713 8.64502 9.22852 9.50293 8.52368 5.84741 8.90967 9.87183 9.20312 9.79102 }
FIBERPARAM 1 b1 50000 20.0000 320 { 6.24694 6.22760 6.20300 6.19870 6.22095 6.17352 6.14136 6.13080 6.12866 6.14673 6.15356 6.15222 6.17554 6.18762 6.22314 6.26123 0.00000 0.00000 0.00000 0.00000 0.00000 0.00000 0.00000 0.00000 0.00000 } { 12.9969 2.98018 2.11163 2.91858 2.75824 2.39587 1.94836 3.09760 1.58405 2.31543 1.61914 2.61096 2.96716 1.83777 2.67285 2.03711 0.00000 0.00000 0.00000 0.00000 0.00000 0.00000 0.00000 0.00000 0.00000 }
FIBERPARAM 1 b2 50000 20.0000 320 { 6.23696 6.19426 6.18094 6.17459 6.14307 6.11469 6.11530 6.12250 6.15137 6.09802 6.11365 6.14844 6.18774 6.19861 6.18945 6.24841 0.00000 0.00000 0.00000 0.00000 0.00000 0.00000 0.00000 0.00000 0.00000 } { 0.565141 2.12323 2.36696 1.72403 2.78094 2.10455 1.43567 1.85773 1.43671 2.84277 2.13318 2.07214 1.65747 1.06494 2.92493 2.13538 0.00000 0.00000 0.00000 0.00000 0.00000 0.00000 0.00000 0.00000 0.00000 }
FIBERPARAM 1 r1 50000 20.0000 320 { 6.27935 6.24397 6.19952 6.19864 6.20471 6.15393 6.14044 6.12085 6.14551 6.16370 6.15613 6.17639 6.19373 6.21338 6.25806 6.30334 0.00000 0.00000 0.00000 0.00000 0.00000 0.00000 0.00000 0.00000 0.00000 } { 17.2128 3.00433 2.08261 2.90927 2.74445 2.36908 1.93524 3.03699 1.58929 2.20923 1.61731 2.59448 2.96216 1.82471 2.59509 2.01794 0.00000 0.00000 0.00000 0.00000 0.00000 0.00000 0.00000 0.00000 0.00000 }
FIBERPARAM 1 r2 50000 20.0000 320 { 6.29469 6.25577 6.23267 6.20837 6.18732 6.15814 6.13898 6.16919 6.17847 6.14270 6.16687 6.18250 6.19617 6.24963 6.24609 6.28906 0.00000 0.00000 0.00000 0.00000 0.00000 0.00000 0.00000 0.00000 0.00000 } { 16.2339 2.09174 2.39075 1.77390 2.79944 2.08441 1.45325 1.84192 1.43585 2.94006 2.12915 2.10693 1.72754 1.09436 2.96082 2.17847 0.00000 0.00000 0.00000 0.00000 0.00000 0.00000 0.00000 0.00000 0.00000 }
FIBERPARAM 2 b1 50000 20.0000 320 { 6.24555 6.22597 6.20520 6.18182 6.17651 6.17676 6.15308 6.13953 6.15015 6.13708 6.14819 6.15894 6.19678 6.22180 6.21753 6.28027 0.00000 0.00000 0.00000 0.00000 0.00000 0.00000 0.00000 0.00000 0.00000 } { 20.6257 2.12073 2.69391 1.69550 2.23364 1.25336 2.53748 3.79016 1.30780 1.69080 2.62451 2.65991 1.65088 2.16602 2.17615 1.51172 0.00000 0.00000 0.00000 0.00000 0.00000 0.00000 0.00000 0.00000 0.00000 }
FIBERPARAM 2 b2 50000 20.0000 320 { 6.23997 6.21034 6.20844 6.17410 6.13940 6.12988 6.11548 6.10297 6.10229 6.13342 6.15442 6.15686 6.14648 6.20496 6.20923 6.24231 0.00000 0.00000 0.00000 0.00000 0.00000 0.00000 0.00000 0.00000 0.00000 } { 9.13250 2.15787 1.64909 1.58661 1.88193 1.85394 1.33606 2.31519 1.61890 1.93005 1.73718 1.77014 1.48987 1.23865 2.34741 2.67041 0.00000 0.00000 0.00000 0.00000 0.00000 0.00000 0.00000 0.00000 0.00000 }
FIBERPARAM 2 r1 50000 20.0000 320 { 6.25380 6.23444 6.19217 6.19128 6.16608 6.17102 6.14502 6.13623 6.14636 6.14563 6.16028 6.16467 6.19727 6.22156 6.24609 6.30273 0.00000 0.00000 0.00000 0.00000 0.00000 0.00000 0.00000 0.00000 0.00000 } { 24.7725 2.14122 2.74915 1.73227 2.23151 1.25427 2.54608 3.76343 1.38037 1.65601 2.62170 2.68689 1.73035 2.21948 2.22253 1.52600 0.00000 0.00000 0.00000 0.00000 0.00000 0.00000 0.00000 0.00000 0.00000 }
FIBERPARAM 2 r2 50000 20.0000 320 { 6.29132 6.26135 6.25082 6.21793 6.18134 6.17957 6.15607 6.13916 6.14673 6.17383 6.20325 6.17969 6.20386 6.26025 6.26343 6.28882 0.00000 0.00000 0.00000 0.00000 0.00000 0.00000 0.00000 0.00000 0.00000 } { 24.8714 2.13530 1.69809 1.62253 1.89032 1.87421 1.35040 2.34241 1.61768 1.94470 1.77051 1.79504 1.49084 1.24353 2.37219 2.68774 0.00000 0.00000 0.00000 0.00000 0.00000 0.00000 0.00000 0.00000 0.00000 }
FIBERPARAM 3 b1 50000 20.0000 320 { 6.25837 6.22124 6.20648 6.18106 6.17023 6.15143 6.13635 6.12659 6.15320 6.11438 6.13586 6.16272 6.19409 6.18384 6.22461 6.22998 0.00000 0.00000 0.00000 0.00000 0.00000 0.00000 0.00000 0.00000 0.00000 } { 18.3485 2.22470 2.86432 1.33478 2.21631 3.36005 1.91864 2.04401 1.95074 1.96179 1.87463 3.11951 0.568726 3.59167 0.481689 2.45715 0.00000 0.00000 0.00000 0.00000 0.00000 0.00000 0.00000 0.00000 0.00000 }
FIBERPARAM 3 b2 50000 20.0000 320 { 6.23061 6.21745 6.19055 6.15857 6.15460 6.12329 6.10522 6.14026 6.11646 6.13452 6.13098 6.15942 6.18018 6.17273 6.21106 6.24377 0.00000 0.00000 0.00000 0.00000 0.00000 0.00000 0.00000 0.00000 0.00000 } { 5.02442 1.74114 2.15172 1.59866 1.73868 1.92017 2.28784 1.57141 1.81195 2.42371 1.42297 1.84607 1.90161 1.98584 1.60864 2.44873 0.00000 0.00000 0.00000 0.00000 0.00000 0.00000 0.00000 0.00000 0.00000 }
FIBERPARAM 3 r1 50000 20.0000 320 { 6.26359 6.24136 6.21146 6.18100 6.17487 6.16101 6.13019 6.12482 6.16187 6.13452 6.15051 6.18237 6.20935 6.22058 6.27454 6.28906 0.00000 0.00000 0.00000 0.00000 0.00000 0.00000 0.00000 0.00000 0.00000 } { 22.8349 2.19128 2.79819 1.34811 2.18427 3.30920 1.92493 1.99927 1.88824 1.90967 1.80103 2.97656 0.675049 3.42017 0.530151 2.42712 0.00000 0.00000 0.00000 0.00000 0.00000 0.00000 0.00000 0.00000 0.00000 }
FIBERPARAM 3 r2 50000 20.0000 320 { 6.29022 6.26498 6.24896 6.20532 6.19360 6.16559 6.14246 6.17572 6.16772 6.17163 6.17249 6.18530 6.22217 6.21973 6.28271 6.30933 0.00000 0.00000 0.00000 0.00000 0.00000 0.00000 0.00000 0.00000 0.00000 } { 20.5480 1.77650 2.18988 1.61057 1.77393 1.95142 2.30530 1.59833 1.78119 2.47900 1.44421 1.86096 1.92920 2.01489 1.63721 2.46704 0.00000 0.00000 0.00000 0.00000 0.00000 0.00000 0.00000 0.00000 0.00000 }
FIBERPARAM 4 b1 50000 20.0000 320 { 6.27584 6.20930 6.19833 6.17029 6.17712 6.16479 6.14447 6.12750 6.12964 6.13794 6.14148 6.15881 6.16785 6.18408 6.21240 6.24854 0.00000 0.00000 0.00000 0.00000 0.00000 0.00000 0.00000 0.00000 0.00000 } { 14.5552 1.94992 2.39380 2.06366 2.47913 1.62616 2.05640 1.56250 1.91272 1.80920 2.49805 1.22864 2.01367 1.51917 2.21179 2.05383 0.00000 0.00000 0.00000 0.00000 0.00000 0.00000 0.00000 0.00000 0.00000 }
FIBERPARAM 4 b2 50000 20.0000 320 { 6.22852 6.20319 6.19623 6.14868 6.14069 6.15167 6.12604 6.13910 6.13513 6.10034 6.13171 6.13501 6.17603 6.20325 6.20557 6.23059 0.00000 0.00000 0.00000 0.00000 0.00000 0.00000 0.00000 0.00000 0.00000 } { 5.44146 1.95052 2.08997 0.976868 2.67682 2.01868 1.82794 1.23352 1.62970 1.39526 2.90784 1.14514 2.33606 1.64209 1.63269 1.44409 0.00000 0.00000 0.00000 0.00000 0.00000 0.00000 0.00000 0.00000 0.00000 }
FIBERPARAM 4 r1 50000 20.0000 320 { 6.29812 6.23260 6.21432 6.19092 6.17407 6.13788 6.16260 6.13110 6.13220 6.13831 6.15930 6.16797 6.20190 6.21326 6.23706 6.27161 0.00000 0.00000 0.00000 0.00000 0.00000 0.00000 0.00000 0.00000 0.00000 } { 18.5331 1.90442 2.31415 2.09872 2.42664 1.69836 1.94342 1.49902 1.91248 1.74316 2.37317 1.23560 1.97253 1.53906 2.16528 2.01282 0.00000 0.00000 0.00000 0.00000 0.00000 0.00000 0.00000 0.00000 0.00000 }
FIBERPARAM 4 r2 50000 20.0000 320 { 6.28390 6.26003 6.25330 6.19675 6.18616 6.18787 6.17169 6.17987 6.18018 6.14624 6.17432 6.17834 6.23279 6.23486 6.26672 6.31018 0.00000 0.00000 0.00000 0.00000 0.00000 0.00000 0.00000 0.00000 0.00000 } { 20.9776 1.96736 2.09698 0.977661 2.68323 2.03522 1.83246 1.24719 1.63586 1.39062 2.95642 1.11438 2.36365 1.65723 1.62646 1.43164 0.00000 0.00000 0.00000 0.00000 0.00000 0.00000 0.00000 0.00000 0.00000 }
FIBERPARAM 5 b1 50000 20.0000 320 { 6.23910 6.22516 6.19183 6.16602 6.16052 6.17145 6.14044 6.13409 6.14441 6.14575 6.12927 6.17175 6.18176 6.20569 6.21484 6.25110 0.00000 0.00000 0.00000 0.00000 0.00000 0.00000 0.00000 0.00000 0.00000 } { 18.0890 1.12660 2.77908 2.28503 1.95068 1.07825 2.00531 1.62067 1.64514 1.69202 2.88831 1.66980 1.48755 2.31494 2.16040 1.30884 0.00000 0.00000 0.00000 0.00000 0.00000 0.00000 0.00000 0.00000 0.00000 }
FIBERPARAM 5 b2 50000 20.0000 320 { 6.23442 6.21043 6.17926 6.14841 6.15656 6.13556 6.13647 6.10938 6.11804 6.13745 6.13586 6.14368 6.16284 6.19568 6.18933 6.23035 0.00000 0.00000 0.00000 0.00000 0.00000 0.00000 0.00000 0.00000 0.00000 } { 4.68901 2.01179 2.04436 2.32080 1.63327 2.21594 2.00916 0.972595 2.26428 1.63062 2.34900 1.13257 1.42407 1.91321 1.80859 2.02710 0.00000 0.00000 0.00000 0.00000 0.00000 0.00000 0.00000 0.00000 0.00000 }
FIBERPARAM 5 r1 50000 20.0000 320 { 6.24449 6.24942 6.21463 6.18225 6.17065 6.17767 6.14911 6.13989 6.13098 6.14111 6.14197 6.18079 6.19299 6.22522 6.24915 6.27161 0.00000 0.00000 0.00000 0.00000 0.00000 0.00000 0.00000 0.00000 0.00000 } { 22.3050 1.14888 2.65720 2.18936 1.95166 1.04669 1.94611 1.61481 1.65094 1.66687 2.81775 1.66260 1.47009 2.24341 2.07312 1.25903 0.00000 0.00000 0.00000 0.00000 0.00000 0.00000 0.00000 0.00000 0.00000 }
FIBERPARAM 5 r2 50000 20.0000 320 { 6.30116 6.27110 6.23251 6.19931 6.20837 6.18048 6.17847 6.14612 6.15527 6.17358 6.18469 6.18359 6.21667 6.24146 6.24658 6.28809 0.00000 0.00000 0.00000 0.00000 0.00000 0.00000 0.00000 0.00000 0.00000 } { 20.2604 2.02536 2.04556 2.31085 1.63867 2.22107 2.03650 0.951843 2.31854 1.60303 2.43640 1.15918 1.39343 1.93530 1.88025 2.04395 0.00000 0.00000 0.00000 0.00000 0.00000 0.00000 0.00000 0.00000 0.00000 }
FIBERPARAM 6 b1 50000 20.0000 320 { 6.25829 6.22903 6.20593 6.16714 6.14948 6.12866 6.15082 6.16803 6.14551 6.13379 6.17590 6.19348 6.18140 6.19116 6.21533 6.20947 0.00000 0.00000 0.00000 0.00000 0.00000 0.00000 0.00000 0.00000 0.00000 } { 18.3965 3.19057 0.530396 2.15982 2.13538 3.07452 2.27051 1.39484 2.22198 2.50720 2.09558 2.65576 2.55798 1.34363 2.40723 2.45679 0.00000 0.00000 0.00000 0.00000 0.00000 0.00000 0.00000 0.00000 0.00000 }
FIBERPARAM 6 b2 50000 20.0000 320 { 6.23235 6.19322 6.17776 6.17783 6.15674 6.10712 6.15137 6.11676 6.12073 6.14783 6.12085 6.13794 6.17297 6.18323 6.18787 6.23108 0.00000 0.00000 0.00000 0.00000 0.00000 0.00000 0.00000 0.00000 0.00000 } { 7.40679 2.16752 2.06442 1.63013 1.56400 1.77551 1.59747 2.07678 2.54181 2.07019 1.60889 2.43774 1.72876 2.02820 1.76477 2.29614 0.00000 0.00000 0.00000 0.00000 0.00000 0.00000 0.00000 0.00000 0.00000 }
FIBERPARAM 6 r1 50000 20.0000 320 { 6.27094 6.23305 6.22290 6.16391 6.16498 6.12988 6.15454 6.16724 6.15308 6.12500 6.16833 6.18127 6.20227 6.21692 6.25159 6.26074 0.00000 0.00000 0.00000 0.00000 0.00000 0.00000 0.00000 0.00000 0.00000 } { 22.5276 3.18565 0.560303 2.15567 2.12097 3.01978 2.20056 1.44104 2.24365 2.53931 2.08850 2.70422 2.60864 1.27844 2.43811 2.47180 0.00000 0.00000 0.00000 0.00000 0.00000 0.00000 0.00000 0.00000 0.00000 }
FIBERPARAM 6 r2 50000 20.0000 320 { 6.28629 6.25905 6.22168 6.23846 6.20062 6.15314 6.18433 6.13928 6.16248 6.19263 6.15466 6.19458 6.20667 6.22754 6.24475 6.28430 0.00000 0.00000 0.00000 0.00000 0.00000 0.00000 0.00000 0.00000 0.00000 } { 23.1364 2.20757 2.08740 1.63464 1.60889 1.78027 1.63190 2.07367 2.53351 2.08008 1.58301 2.45923 1.73389 2.03882 1.76221 2.31848 0.00000 0.00000 0.00000 0.00000 0.00000 0.00000 0.00000 0.00000 0.00000 }
FIBERPARAM 7 b1 50000 20.0000 320 { 6.22813 6.20081 6.18094 6.17148 6.15350 6.12451 6.13165 6.11279 6.13806 6.13330 6.13440 6.16223 6.18408 6.20776 6.22131 6.22742 0.00000 0.00000 0.00000 0.00000 0.00000 0.00000 0.00000 0.00000 0.00000 } { 18.1888 2.16196 2.07959 1.55737 2.01422 1.94812 2.24792 1.75757 2.01538 1.91394 2.40662 2.09875 1.60596 2.26538 2.70886 2.10510 0.00000 0.00000 0.00000 0.00000 0.00000 0.00000 0.00000 0.00000 0.00000 }
FIBERPARAM 7 b2 50000 20.0000 320 { 6.22505 6.19531 6.18024 6.16342 6.17157 6.12830 6.12268 6.10449 6.09778 6.11987 6.12903 6.14124 6.13257 6.18896 6.19568 6.21655 0.00000 0.00000 0.00000 0.00000 0.00000 0.00000 0.00000 0.00000 0.00000 } { 10.6414 1.92087 3.01720 1.85950 1.63135 2.75763 2.07587 2.36804 2.16949 1.54688 2.82117 1.64490 1.66663 2.15662 2.09070 1.71643 0.00000 0.00000 0.00000 0.00000 0.00000 0.00000 0.00000 0.00000 0.00000 }
FIBERPARAM 7 r1 50000 20.0000 320 { 6.25397 6.22893 6.19641 6.17340 6.15265 6.12183 6.16705 6.11261 6.11914 6.14343 6.15125 6.18140 6.17957 6.20996 6.25879 6.26660 0.00000 0.00000 0.00000 0.00000 0.00000 0.00000 0.00000 0.00000 0.00000 } { 22.4789 2.14447 2.04785 1.56976 1.94427 1.96484 2.22906 1.74738 2.06018 1.91663 2.38013 2.06494 1.64233 2.27625 2.77026 2.14099 0.00000 0.00000 0.00000 0.00000 0.00000 0.00000 0.00000 0.00000 0.00000 }
FIBERPARAM 7 r2 50000 20.0000 320 { 6.29072 6.24170 6.23685 6.21948 6.20636 6.16040 6.16199 6.13110 6.15381 6.17676 6.18054 6.18628 6.19775 6.22546 6.23743 6.30188 0.00000 0.00000 0.00000 0.00000 0.00000 0.00000 0.00000 0.00000 0.00000 } { 26.3099 1.95319 3.04471 1.90048 1.69885 2.82208 2.01343 2.36597 2.08044 1.46313 2.90381 1.58862 1.53271 2.19897 2.17590 1.70203 0.00000 0.00000 0.00000 0.00000 0.00000 0.00000 0.00000 0.00000 0.00000 }
FIBERPARAM 8 b1 50000 20.0000 320 { 6.26094 6.23831 6.20099 6.19574 6.17102 6.15753 6.14423 6.12622 6.14062 6.14709 6.14990 6.17334 6.18250 6.21411 6.20422 6.23865 0.00000 0.00000 0.00000 0.00000 0.00000 0.00000 0.00000 0.00000 0.00000 } { 17.9106 1.74150 1.98868 1.42926 2.61230 1.90668 2.38171 2.34320 1.78680 2.64600 1.59912 2.48511 1.23413 2.17578 1.68164 2.19983 0.00000 0.00000 0.00000 0.00000 0.00000 0.00000 0.00000 0.00000 0.00000 }
FIBERPARAM 8 b2 50000 20.0000 320 { 6.22486 6.19653 6.20190 6.17679 6.14435 6.13623 6.12006 6.12402 6.11414 6.12268 6.15039 6.15649 6.17749 6.17798 6.20398 6.24829 0.00000 0.00000 0.00000 0.00000 0.00000 0.00000 0.00000 0.00000 0.00000 } { 6.79304 1.85087 3.03397 1.82956 2.04953 2.11688 1.20465 1.34131 2.13977 1.31946 1.80005 2.06750 1.66907 1.89441 1.89087 3.12952 0.00000 0.00000 0.00000 0.00000 0.00000 0.00000 0.00000 0.00000 0.00000 }
FIBERPARAM 8 r1 50000 20.0000 320 { 6.27243 6.23441 6.22968 6.21100 6.17743 6.14276 6.13831 6.12170 6.14526 6.14502 6.15503 6.19092 6.19812 6.23096 6.23938 6.28796 0.00000 0.00000 0.00000 0.00000 0.00000 0.00000 0.00000 0.00000 0.00000 } { 21.7797 1.74673 1.96143 1.39011 2.54120 1.82745 2.37476 2.31732 1.82367 2.61121 1.59949 2.41455 1.24097 2.19727 1.63672 2.13770 0.00000 0.00000 0.00000 0.00000 0.00000 0.00000 0.00000 0.00000 0.00000 }
FIBERPARAM 8 r2 50000 20.0000 320 { 6.29829 6.25613 6.25015 6.22330 6.19073 6.17358 6.16125 6.16431 6.15247 6.16052 6.21399 6.20312 6.22913 6.22412 6.26221 6.31030 0.00000 0.00000 0.00000 0.00000 0.00000 0.00000 0.00000 0.00000 0.00000 } { 22.5600 1.91248 3.07162 1.85309 2.07611 2.11279 1.23383 1.34686 2.15625 1.32898 1.78992 2.08203 1.66760 1.91211 1.88660 3.11560 0.00000 0.00000 0.00000 0.00000 0.00000 0.00000 0.00000 0.00000 0.00000 }
FIBERPARAM 9 b1 50000 20.0000 320 { 6.27776 6.20448 6.22961 6.18817 6.16235 6.10901 6.12708 6.14178 6.13330 6.13806 6.18213 6.19238 6.18982 6.21008 6.21826 6.24890 0.00000 0.00000 0.00000 0.00000 0.00000 0.00000 0.00000 0.00000 0.00000 } { 16.8864 0.979263 2.50415 2.02274 1.77881 2.19873 2.54846 2.67938 1.86658 1.07556 2.15186 2.15479 1.40845 2.27234 1.33105 2.02698 0.00000 0.00000 0.00000 0.00000 0.00000 0.00000 0.00000 0.00000 0.00000 }
FIBERPARAM 9 b2 50000 20.0000 320 { 6.26770 6.24582 6.18030 6.18564 6.13086 6.11700 6.13171 6.17542 6.12830 6.13391 6.12463 6.12988 6.12976 6.22693 6.21436 6.22754 0.00000 0.00000 0.00000 0.00000 0.00000 0.00000 0.00000 0.00000 0.00000 } { 10.3021 1.85678 2.56720 2.41861 2.20621 2.48468 1.82098 2.18793 2.38977 1.69702 1.99268 2.39075 2.41846 1.88403 2.06421 1.98108 0.00000 0.00000 0.00000 0.00000 0.00000 0.00000 0.00000 0.00000 0.00000 }
FIBERPARAM 9 r1 50000 20.0000 320 { 6.27200 6.22771 6.26270 6.19473 6.17120 6.11920 6.13763 6.15521 6.13696 6.14807 6.18115 6.19385 6.20837 6.24646 6.24292 6.29102 0.00000 0.00000 0.00000 0.00000 0.00000 0.00000 0.00000 0.00000 0.00000 } { 21.0813 0.995026 2.45609 2.00815 1.77747 2.17804 2.54413 2.65985 1.86938 1.05432 2.14087 2.15454 1.38037 2.29504 1.31689 2.00500 0.00000 0.00000 0.00000 0.00000 0.00000 0.00000 0.00000 0.00000 0.00000 }
FIBERPARAM 9 r2 50000 20.0000 320 { 6.32810 6.29015 6.24332 6.23260 6.17578 6.15985 6.17047 6.21985 6.17664 6.18250 6.16748 6.18201 6.17273 6.25940 6.27173 6.29333 0.00000 0.00000 0.00000 0.00000 0.00000 0.00000 0.00000 0.00000 0.00000 } { 26.0873 1.93253 2.56247 2.45496 2.23407 2.51166 1.83496 2.18988 2.40527 1.68518 2.00842 2.40906 2.42676 1.92261 2.10510 1.97302 0.00000 0.00000 0.00000 0.00000 0.00000 0.00000 0.00000 0.00000 0.00000 }
