# Generated by M. Cushing, Wed Feb 18 15:57:46 2009
#
# The filter profile are from Tokunaga et al. (2002, PASP, 114, 180)
# and are at 65 K. The atmospheric transmission was computed using
# ATRAN at an airmass of 1, with a precipitable water vapor of 2 mm. 
# The transmission spectrum was smoothed to R=2000 and resampled to 2
# pixels per resolution element.  The filter transmission function was
# then resampled onto this wavelength scale.
#
#====================================
#Wavelength (microns)  Transmission
#====================================
            1.2979722         0.000
            1.2982967         0.000
            1.2986213         0.000
            1.2989459         0.000
            1.2992706         0.000
            1.2995955         0.000
            1.2999204         0.000
            1.3002453         0.000
            1.3005704         0.000
            1.3008956         0.000
            1.3012208         0.000
            1.3015461         0.000
            1.3018715         0.000
            1.3021969         0.000
            1.3025225         0.000
            1.3028481         0.000
            1.3031738         0.000
            1.3034996         0.000
            1.3038255         0.000
            1.3041515         0.000
            1.3044775         0.000
            1.3048036         0.000
            1.3051298         0.000
            1.3054561         0.000
            1.3057825         0.000
            1.3061089         0.000
            1.3064354         0.000
            1.3067620         0.000
            1.3070887         0.000
            1.3074155         0.000
            1.3077424         0.000
            1.3080693         0.000
            1.3083963         0.000
            1.3087234         0.000
            1.3090506         0.000
            1.3093778         0.000
            1.3097052         0.000
            1.3100326         0.000
            1.3103601         0.000
            1.3106877         0.000
            1.3110154         0.000
            1.3113431         0.000
            1.3116710         0.000
            1.3119989         0.000
            1.3123269         0.000
            1.3126550         0.000
            1.3129831         0.000
            1.3133114         0.000
            1.3136397         0.000
            1.3139681         0.000
            1.3142966         0.000
            1.3146252         0.000
            1.3149538         0.000
            1.3152826         0.000
            1.3156114         0.000
            1.3159403         0.000
            1.3162693         0.000
            1.3165984         0.000
            1.3169275         0.000
            1.3172567         0.000
            1.3175861         0.000
            1.3179155         0.000
            1.3182449         0.000
            1.3185745         0.000
            1.3189041         0.000
            1.3192339         0.000
            1.3195637         0.000
            1.3198936         0.000
            1.3202235         0.000
            1.3205536         0.000
            1.3208837         0.000
            1.3212140         0.000
            1.3215443         0.000
            1.3218746         0.000
            1.3222051         0.000
            1.3225357         0.000
            1.3228663         0.000
            1.3231970         0.000
            1.3235278         0.000
            1.3238587         0.000
            1.3241897         0.000
            1.3245207         0.000
            1.3248518        -0.000
            1.3251830        -0.000
            1.3255143        -0.000
            1.3258457        -0.000
            1.3261772        -0.000
            1.3265087         0.000
            1.3268404         0.000
            1.3271721         0.000
            1.3275039         0.000
            1.3278357         0.000
            1.3281677         0.000
            1.3284997         0.000
            1.3288319         0.000
            1.3291641         0.000
            1.3294964         0.000
            1.3298287         0.000
            1.3301612         0.000
            1.3304937         0.000
            1.3308264         0.000
            1.3311591         0.000
            1.3314919         0.000
            1.3318247         0.000
            1.3321577         0.000
            1.3324907         0.000
            1.3328238         0.000
            1.3331570         0.000
            1.3334903         0.000
            1.3338237        -0.000
            1.3341572        -0.000
            1.3344907        -0.000
            1.3348243        -0.000
            1.3351580         0.000
            1.3354918         0.000
            1.3358257         0.000
            1.3361597         0.000
            1.3364937         0.000
            1.3368278         0.000
            1.3371620         0.000
            1.3374963         0.000
            1.3378307         0.000
            1.3381651         0.000
            1.3384997         0.000
            1.3388343         0.000
            1.3391690         0.000
            1.3395038         0.000
            1.3398387         0.000
            1.3401736         0.000
            1.3405087         0.000
            1.3408438         0.000
            1.3411790         0.000
            1.3415143         0.000
            1.3418497         0.000
            1.3421852         0.000
            1.3425207         0.000
            1.3428563         0.000
            1.3431921         0.000
            1.3435279         0.000
            1.3438637         0.000
            1.3441997         0.000
            1.3445358         0.000
            1.3448719         0.000
            1.3452081         0.000
            1.3455444         0.000
            1.3458808         0.000
            1.3462173         0.000
            1.3465538         0.000
            1.3468905         0.000
            1.3472272         0.000
            1.3475640         0.000
            1.3479009         0.000
            1.3482379         0.000
            1.3485749         0.000
            1.3489121         0.000
            1.3492493         0.000
            1.3495866         0.000
            1.3499240         0.000
            1.3502615         0.000
            1.3505990         0.000
            1.3509367         0.000
            1.3512744         0.000
            1.3516122         0.000
            1.3519501         0.000
            1.3522881         0.000
            1.3526262         0.000
            1.3529644         0.000
            1.3533026         0.000
            1.3536409         0.000
            1.3539793         0.000
            1.3543178         0.000
            1.3546564         0.000
            1.3549951         0.000
            1.3553338         0.000
            1.3556727         0.000
            1.3560116         0.000
            1.3563506         0.000
            1.3566897         0.000
            1.3570288         0.000
            1.3573681         0.000
            1.3577074         0.000
            1.3580469         0.000
            1.3583864         0.000
            1.3587260         0.000
            1.3590657         0.000
            1.3594054         0.000
            1.3597453         0.000
            1.3600852         0.000
            1.3604252         0.000
            1.3607653         0.000
            1.3611055         0.000
            1.3614458         0.000
            1.3617862         0.000
            1.3621266         0.000
            1.3624671         0.000
            1.3628078         0.000
            1.3631485         0.000
            1.3634892         0.000
            1.3638301         0.000
            1.3641711        -0.000
            1.3645121        -0.000
            1.3648532        -0.000
            1.3651945        -0.000
            1.3655358         0.000
            1.3658771         0.000
            1.3662186         0.000
            1.3665602         0.000
            1.3669018         0.000
            1.3672435         0.000
            1.3675853         0.000
            1.3679272         0.000
            1.3682692         0.000
            1.3686113         0.000
            1.3689534         0.000
            1.3692957         0.000
            1.3696380         0.000
            1.3699804         0.000
            1.3703229         0.000
            1.3706655         0.000
            1.3710082         0.000
            1.3713509         0.000
            1.3716937         0.000
            1.3720367         0.000
            1.3723797         0.000
            1.3727228         0.000
            1.3730660         0.000
            1.3734092         0.000
            1.3737526         0.000
            1.3740960         0.000
            1.3744395         0.000
            1.3747831         0.000
            1.3751268         0.000
            1.3754706         0.000
            1.3758145         0.000
            1.3761584         0.000
            1.3765025         0.000
            1.3768466         0.000
            1.3771908         0.000
            1.3775351         0.000
            1.3778795         0.000
            1.3782240        -0.000
            1.3785685        -0.000
            1.3789132        -0.000
            1.3792579        -0.000
            1.3796027         0.000
            1.3799476         0.000
            1.3802926         0.000
            1.3806377         0.000
            1.3809828         0.000
            1.3813281         0.000
            1.3816734         0.000
            1.3820188         0.000
            1.3823643         0.000
            1.3827099         0.000
            1.3830556         0.000
            1.3834014         0.000
            1.3837472         0.000
            1.3840932         0.000
            1.3844392         0.000
            1.3847853         0.000
            1.3851315         0.000
            1.3854778         0.000
            1.3858241         0.000
            1.3861706         0.000
            1.3865171         0.000
            1.3868638         0.000
            1.3872105         0.000
            1.3875573         0.000
            1.3879042         0.000
            1.3882511         0.000
            1.3885982         0.000
            1.3889454         0.000
            1.3892926         0.000
            1.3896399         0.000
            1.3899873         0.000
            1.3903348         0.000
            1.3906824         0.000
            1.3910301         0.000
            1.3913778         0.000
            1.3917257         0.000
            1.3920736         0.000
            1.3924216         0.000
            1.3927697         0.000
            1.3931179         0.000
            1.3934662         0.000
            1.3938146         0.000
            1.3941630         0.000
            1.3945116         0.000
            1.3948602         0.000
            1.3952089         0.000
            1.3955577         0.000
            1.3959066         0.000
            1.3962556         0.000
            1.3966046         0.000
            1.3969538         0.000
            1.3973030         0.000
            1.3976524         0.000
            1.3980018         0.000
            1.3983513         0.000
            1.3987009         0.000
            1.3990505         0.000
            1.3994003         0.000
            1.3997502         0.000
            1.4001001         0.000
            1.4004501         0.000
            1.4008002         0.000
            1.4011504         0.000
            1.4015007         0.000
            1.4018511         0.000
            1.4022016         0.000
            1.4025521         0.000
            1.4029027         0.000
            1.4032535         0.000
            1.4036043         0.000
            1.4039552         0.000
            1.4043062         0.000
            1.4046572         0.000
            1.4050084         0.000
            1.4053597         0.000
            1.4057110         0.000
            1.4060624         0.000
            1.4064139         0.000
            1.4067655         0.000
            1.4071172         0.000
            1.4074690         0.000
            1.4078209         0.000
            1.4081728         0.000
            1.4085249         0.000
            1.4088770         0.000
            1.4092292         0.000
            1.4095815         0.000
            1.4099339         0.000
            1.4102864         0.000
            1.4106390         0.000
            1.4109917         0.000
            1.4113444         0.000
            1.4116972         0.000
            1.4120502         0.000
            1.4124032         0.000
            1.4127563         0.000
            1.4131095         0.000
            1.4134627         0.000
            1.4138161         0.000
            1.4141696         0.000
            1.4145231         0.000
            1.4148767         0.000
            1.4152305         0.000
            1.4155843         0.000
            1.4159382         0.000
            1.4162921         0.000
            1.4166462         0.000
            1.4170004         0.000
            1.4173546         0.000
            1.4177090         0.000
            1.4180634         0.000
            1.4184179         0.000
            1.4187725         0.000
            1.4191272         0.000
            1.4194820         0.000
            1.4198369         0.000
            1.4201918         0.001
            1.4205469         0.001
            1.4209020         0.001
            1.4212572         0.001
            1.4216125         0.001
            1.4219679         0.001
            1.4223234         0.001
            1.4226790         0.001
            1.4230347         0.000
            1.4233904         0.000
            1.4237463         0.001
            1.4241022         0.001
            1.4244583         0.001
            1.4248144         0.001
            1.4251706         0.001
            1.4255269         0.001
            1.4258832         0.001
            1.4262397         0.001
            1.4265963         0.001
            1.4269529         0.001
            1.4273097         0.001
            1.4276665         0.001
            1.4280234         0.001
            1.4283804         0.001
            1.4287375         0.001
            1.4290947         0.001
            1.4294520         0.001
            1.4298093         0.001
            1.4301668         0.001
            1.4305243         0.001
            1.4308820         0.001
            1.4312397         0.001
            1.4315975         0.001
            1.4319554         0.001
            1.4323134         0.001
            1.4326715         0.001
            1.4330296         0.001
            1.4333879         0.001
            1.4337462         0.001
            1.4341047         0.001
            1.4344632         0.001
            1.4348218         0.001
            1.4351805         0.002
            1.4355393         0.001
            1.4358982         0.001
            1.4362572         0.002
            1.4366162         0.002
            1.4369754         0.001
            1.4373346         0.001
            1.4376940         0.001
            1.4380534         0.002
            1.4384129         0.002
            1.4387725         0.002
            1.4391322         0.002
            1.4394920         0.002
            1.4398519         0.002
            1.4402118         0.002
            1.4405719         0.002
            1.4409320         0.002
            1.4412922         0.002
            1.4416526         0.003
            1.4420130         0.003
            1.4423735         0.002
            1.4427341         0.002
            1.4430948         0.003
            1.4434555         0.003
            1.4438164         0.003
            1.4441774         0.003
            1.4445384         0.004
            1.4448995         0.003
            1.4452608         0.002
            1.4456221         0.002
            1.4459835         0.004
            1.4463450         0.004
            1.4467066         0.004
            1.4470682         0.005
            1.4474300         0.005
            1.4477919         0.005
            1.4481538         0.006
            1.4485158         0.006
            1.4488780         0.006
            1.4492402         0.006
            1.4496025         0.005
            1.4499649         0.004
            1.4503274         0.003
            1.4506900         0.004
            1.4510526         0.006
            1.4514154         0.008
            1.4517783         0.007
            1.4521412         0.008
            1.4525042         0.008
            1.4528674         0.009
            1.4532306         0.011
            1.4535939         0.012
            1.4539573         0.012
            1.4543208         0.012
            1.4546844         0.011
            1.4550480         0.010
            1.4554118         0.013
            1.4557757         0.015
            1.4561396         0.016
            1.4565036         0.016
            1.4568678         0.017
            1.4572320         0.017
            1.4575963         0.018
            1.4579607         0.021
            1.4583252         0.022
            1.4586898         0.023
            1.4590544         0.024
            1.4594192         0.024
            1.4597840         0.022
            1.4601490         0.023
            1.4605140         0.026
            1.4608792         0.027
            1.4612444         0.030
            1.4616097         0.034
            1.4619751         0.036
            1.4623406         0.034
            1.4627062         0.030
            1.4630718         0.033
            1.4634376         0.042
            1.4638035         0.048
            1.4641694         0.051
            1.4645355         0.045
            1.4649016         0.040
            1.4652678         0.047
            1.4656341         0.050
            1.4660005         0.049
            1.4663670         0.050
            1.4667336         0.055
            1.4671003         0.063
            1.4674671         0.068
            1.4678340         0.078
            1.4682009         0.087
            1.4685680         0.087
            1.4689351         0.077
            1.4693023         0.073
            1.4696697         0.086
            1.4700371         0.081
            1.4704046         0.067
            1.4707722         0.079
            1.4711399         0.105
            1.4715077         0.112
            1.4718756         0.098
            1.4722435         0.104
            1.4726116         0.128
            1.4729797         0.135
            1.4733480         0.138
            1.4737163         0.160
            1.4740848         0.184
            1.4744533         0.195
            1.4748219         0.196
            1.4751906         0.178
            1.4755594         0.170
            1.4759283         0.195
            1.4762973         0.203
            1.4766663         0.196
            1.4770355         0.203
            1.4774048         0.193
            1.4777741         0.209
            1.4781436         0.254
            1.4785131         0.267
            1.4788827         0.255
            1.4792524         0.252
            1.4796223         0.250
            1.4799922         0.230
            1.4803622         0.258
            1.4807322         0.308
            1.4811024         0.296
            1.4814727         0.271
            1.4818431         0.305
            1.4822135         0.357
            1.4825841         0.381
            1.4829547         0.393
            1.4833255         0.406
            1.4836963         0.391
            1.4840672         0.374
            1.4844382         0.405
            1.4848094         0.430
            1.4851806         0.440
            1.4855519         0.449
            1.4859232         0.431
            1.4862947         0.413
            1.4866663         0.440
            1.4870380         0.473
            1.4874097         0.480
            1.4877816         0.491
            1.4881535         0.535
            1.4885256         0.568
            1.4888977         0.565
            1.4892699         0.551
            1.4896422         0.588
            1.4900146         0.633
            1.4903871         0.642
            1.4907597         0.610
            1.4911324         0.586
            1.4915052         0.625
            1.4918781         0.660
            1.4922511         0.673
            1.4926241         0.685
            1.4929973         0.708
            1.4933705         0.721
            1.4937439         0.720
            1.4941173         0.723
            1.4944908         0.713
            1.4948645         0.713
            1.4952382         0.723
            1.4956120         0.732
            1.4959859         0.731
            1.4963599         0.750
            1.4967340         0.790
            1.4971082         0.796
            1.4974824         0.781
            1.4978568         0.783
            1.4982313         0.804
            1.4986058         0.811
            1.4989805         0.810
            1.4993552         0.817
            1.4997301         0.832
            1.5001050         0.840
            1.5004800         0.842
            1.5008551         0.844
            1.5012304         0.834
            1.5016057         0.830
            1.5019811         0.834
            1.5023566         0.825
            1.5027321         0.822
            1.5031078         0.808
            1.5034836         0.787
            1.5038595         0.792
            1.5042354         0.801
            1.5046115         0.818
            1.5049877         0.839
            1.5053639         0.845
            1.5057402         0.849
            1.5061167         0.851
            1.5064932         0.847
            1.5068698         0.841
            1.5072465         0.842
            1.5076234         0.833
            1.5080003         0.810
            1.5083773         0.796
            1.5087544         0.811
            1.5091315         0.837
            1.5095088         0.844
            1.5098862         0.841
            1.5102637         0.840
            1.5106412         0.840
            1.5110189         0.841
            1.5113967         0.843
            1.5117745         0.838
            1.5121525         0.834
            1.5125305         0.834
            1.5129086         0.835
            1.5132869         0.831
            1.5136652         0.832
            1.5140436         0.838
            1.5144221         0.841
            1.5148007         0.846
            1.5151794         0.848
            1.5155582         0.845
            1.5159371         0.839
            1.5163161         0.840
            1.5166952         0.842
            1.5170743         0.842
            1.5174536         0.846
            1.5178330         0.852
            1.5182124         0.851
            1.5185920         0.849
            1.5189716         0.852
            1.5193514         0.859
            1.5197312         0.860
            1.5201111         0.861
            1.5204912         0.866
            1.5208713         0.868
            1.5212515         0.866
            1.5216318         0.867
            1.5220122         0.871
            1.5223927         0.873
            1.5227733         0.873
            1.5231540         0.873
            1.5235348         0.875
            1.5239157         0.874
            1.5242967         0.874
            1.5246777         0.876
            1.5250589         0.877
            1.5254402         0.877
            1.5258215         0.879
            1.5262030         0.879
            1.5265845         0.880
            1.5269662         0.881
            1.5273479         0.884
            1.5277298         0.886
            1.5281117         0.886
            1.5284937         0.886
            1.5288759         0.887
            1.5292581         0.886
            1.5296404         0.885
            1.5300228         0.886
            1.5304053         0.886
            1.5307879         0.883
            1.5311706         0.883
            1.5315534         0.885
            1.5319363         0.886
            1.5323193         0.885
            1.5327023         0.884
            1.5330855         0.883
            1.5334688         0.881
            1.5338522         0.880
            1.5342356         0.878
            1.5346192         0.875
            1.5350028         0.875
            1.5353866         0.875
            1.5357704         0.875
            1.5361544         0.876
            1.5365384         0.876
            1.5369225         0.877
            1.5373068         0.877
            1.5376911         0.877
            1.5380755         0.875
            1.5384600         0.873
            1.5388447         0.871
            1.5392294         0.870
            1.5396142         0.869
            1.5399991         0.868
            1.5403841         0.866
            1.5407692         0.865
            1.5411544         0.864
            1.5415397         0.863
            1.5419250         0.862
            1.5423105         0.862
            1.5426961         0.863
            1.5430818         0.863
            1.5434675         0.862
            1.5438534         0.861
            1.5442394         0.862
            1.5446254         0.862
            1.5450116         0.862
            1.5453978         0.862
            1.5457842         0.862
            1.5461706         0.862
            1.5465572         0.861
            1.5469438         0.861
            1.5473306         0.861
            1.5477174         0.860
            1.5481043         0.861
            1.5484914         0.860
            1.5488785         0.860
            1.5492657         0.860
            1.5496530         0.861
            1.5500404         0.860
            1.5504279         0.860
            1.5508155         0.861
            1.5512032         0.862
            1.5515910         0.862
            1.5519789         0.863
            1.5523669         0.864
            1.5527550         0.865
            1.5531432         0.865
            1.5535315         0.866
            1.5539199         0.866
            1.5543084         0.867
            1.5546969         0.868
            1.5550856         0.869
            1.5554744         0.870
            1.5558633         0.871
            1.5562522         0.872
            1.5566413         0.873
            1.5570304         0.874
            1.5574197         0.876
            1.5578091         0.877
            1.5581985         0.877
            1.5585881         0.878
            1.5589777         0.879
            1.5593675         0.880
            1.5597573         0.881
            1.5601472         0.882
            1.5605373         0.883
            1.5609274         0.883
            1.5613176         0.884
            1.5617080         0.884
            1.5620984         0.885
            1.5624889         0.886
            1.5628795         0.887
            1.5632703         0.889
            1.5636611         0.891
            1.5640520         0.892
            1.5644430         0.893
            1.5648341         0.893
            1.5652253         0.894
            1.5656166         0.894
            1.5660080         0.895
            1.5663995         0.895
            1.5667911         0.896
            1.5671828         0.896
            1.5675746         0.896
            1.5679665         0.895
            1.5683585         0.893
            1.5687506         0.890
            1.5691428         0.886
            1.5695351         0.880
            1.5699275         0.874
            1.5703199         0.867
            1.5707125         0.861
            1.5711052         0.856
            1.5714980         0.853
            1.5718909         0.852
            1.5722838         0.852
            1.5726769         0.854
            1.5730701         0.857
            1.5734633         0.863
            1.5738567         0.870
            1.5742502         0.877
            1.5746437         0.885
            1.5750374         0.887
            1.5754311         0.882
            1.5758250         0.875
            1.5762190         0.869
            1.5766130         0.865
            1.5770072         0.862
            1.5774014         0.860
            1.5777958         0.860
            1.5781902         0.860
            1.5785848         0.861
            1.5789794         0.862
            1.5793742         0.863
            1.5797690         0.865
            1.5801639         0.866
            1.5805590         0.867
            1.5809541         0.869
            1.5813494         0.871
            1.5817447         0.872
            1.5821401         0.873
            1.5825357         0.874
            1.5829313         0.875
            1.5833270         0.876
            1.5837229         0.876
            1.5841188         0.876
            1.5845148         0.877
            1.5849110         0.877
            1.5853072         0.877
            1.5857035         0.876
            1.5860999         0.876
            1.5864965         0.876
            1.5868931         0.876
            1.5872898         0.876
            1.5876866         0.877
            1.5880836         0.877
            1.5884806         0.876
            1.5888777         0.876
            1.5892749         0.875
            1.5896722         0.874
            1.5900697         0.873
            1.5904672         0.873
            1.5908648         0.873
            1.5912625         0.873
            1.5916603         0.874
            1.5920582         0.874
            1.5924562         0.874
            1.5928544         0.875
            1.5932526         0.875
            1.5936509         0.875
            1.5940493         0.875
            1.5944478         0.876
            1.5948464         0.877
            1.5952451         0.877
            1.5956439         0.878
            1.5960429         0.878
            1.5964419         0.878
            1.5968410         0.878
            1.5972402         0.877
            1.5976395         0.876
            1.5980389         0.875
            1.5984384         0.873
            1.5988380         0.870
            1.5992377         0.867
            1.5996376         0.863
            1.6000375         0.859
            1.6004375         0.854
            1.6008376         0.850
            1.6012378         0.846
            1.6016381         0.843
            1.6020385         0.843
            1.6024390         0.844
            1.6028396         0.846
            1.6032403         0.850
            1.6036411         0.856
            1.6040421         0.863
            1.6044431         0.872
            1.6048442         0.881
            1.6052454         0.887
            1.6056467         0.885
            1.6060481         0.879
            1.6064496         0.874
            1.6068512         0.871
            1.6072529         0.869
            1.6076548         0.867
            1.6080567         0.867
            1.6084587         0.868
            1.6088608         0.869
            1.6092630         0.870
            1.6096653         0.873
            1.6100678         0.875
            1.6104703         0.878
            1.6108729         0.881
            1.6112756         0.884
            1.6116784         0.886
            1.6120813         0.888
            1.6124844         0.889
            1.6128875         0.890
            1.6132907         0.892
            1.6136940         0.894
            1.6140975         0.895
            1.6145010         0.895
            1.6149046         0.896
            1.6153083         0.897
            1.6157122         0.897
            1.6161161         0.896
            1.6165201         0.896
            1.6169242         0.896
            1.6173285         0.895
            1.6177328         0.895
            1.6181372         0.895
            1.6185418         0.894
            1.6189464         0.894
            1.6193511         0.893
            1.6197560         0.892
            1.6201609         0.890
            1.6205660         0.889
            1.6209711         0.887
            1.6213763         0.886
            1.6217817         0.885
            1.6221871         0.883
            1.6225927         0.882
            1.6229983         0.881
            1.6234041         0.879
            1.6238099         0.878
            1.6242159         0.877
            1.6246219         0.876
            1.6250281         0.874
            1.6254344         0.872
            1.6258407         0.870
            1.6262472         0.869
            1.6266537         0.867
            1.6270604         0.865
            1.6274672         0.864
            1.6278740         0.862
            1.6282810         0.860
            1.6286881         0.859
            1.6290952         0.857
            1.6295025         0.855
            1.6299099         0.852
            1.6303174         0.851
            1.6307249         0.851
            1.6311326         0.850
            1.6315404         0.848
            1.6319483         0.845
            1.6323563         0.842
            1.6327644         0.841
            1.6331726         0.840
            1.6335809         0.839
            1.6339892         0.838
            1.6343977         0.836
            1.6348063         0.831
            1.6352150         0.830
            1.6356239         0.833
            1.6360328         0.833
            1.6364418         0.831
            1.6368509         0.827
            1.6372601         0.821
            1.6376694         0.823
            1.6380788         0.826
            1.6384883         0.825
            1.6388980         0.823
            1.6393077         0.819
            1.6397175         0.811
            1.6401274         0.810
            1.6405375         0.815
            1.6409476         0.816
            1.6413578         0.816
            1.6417682         0.813
            1.6421786         0.805
            1.6425892         0.801
            1.6429998         0.809
            1.6434106         0.814
            1.6438214         0.815
            1.6442324         0.815
            1.6446434         0.808
            1.6450546         0.797
            1.6454659         0.803
            1.6458772         0.814
            1.6462887         0.817
            1.6467003         0.817
            1.6471119         0.814
            1.6475237         0.805
            1.6479356         0.802
            1.6483476         0.810
            1.6487597         0.815
            1.6491719         0.816
            1.6495842         0.817
            1.6499966         0.812
            1.6504091         0.803
            1.6508217         0.806
            1.6512344         0.817
            1.6516472         0.822
            1.6520601         0.824
            1.6524731         0.824
            1.6528862         0.819
            1.6532994         0.813
            1.6537128         0.822
            1.6541262         0.830
            1.6545397         0.832
            1.6549534         0.834
            1.6553671         0.834
            1.6557809         0.832
            1.6561949         0.830
            1.6566089         0.835
            1.6570231         0.838
            1.6574373         0.840
            1.6578517         0.841
            1.6582662         0.842
            1.6586807         0.841
            1.6590954         0.842
            1.6595102         0.846
            1.6599250         0.849
            1.6603400         0.851
            1.6607551         0.851
            1.6611703         0.852
            1.6615856         0.851
            1.6620010         0.851
            1.6624165         0.855
            1.6628321         0.857
            1.6632478         0.858
            1.6636636         0.859
            1.6640795         0.860
            1.6644956         0.851
            1.6649117         0.826
            1.6653279         0.811
            1.6657442         0.823
            1.6661607         0.840
            1.6665772         0.853
            1.6669939         0.861
            1.6674106         0.866
            1.6678275         0.867
            1.6682444         0.868
            1.6686615         0.869
            1.6690786         0.871
            1.6694959         0.872
            1.6699133         0.872
            1.6703308         0.873
            1.6707483         0.872
            1.6711660         0.873
            1.6715838         0.875
            1.6720017         0.876
            1.6724197         0.876
            1.6728378         0.876
            1.6732560         0.876
            1.6736743         0.873
            1.6740928         0.870
            1.6745113         0.875
            1.6749299         0.878
            1.6753486         0.878
            1.6757675         0.878
            1.6761864         0.878
            1.6766055         0.875
            1.6770246         0.868
            1.6774439         0.870
            1.6778632         0.874
            1.6782827         0.876
            1.6787023         0.877
            1.6791220         0.876
            1.6795417         0.875
            1.6799616         0.872
            1.6803816         0.868
            1.6808017         0.871
            1.6812219         0.874
            1.6816422         0.875
            1.6820626         0.875
            1.6824831         0.874
            1.6829038         0.871
            1.6833245         0.863
            1.6837453         0.859
            1.6841663         0.866
            1.6845873         0.870
            1.6850084         0.870
            1.6854297         0.870
            1.6858511         0.870
            1.6862725         0.868
            1.6866941         0.862
            1.6871158         0.862
            1.6875375         0.866
            1.6879594         0.867
            1.6883814         0.867
            1.6888035         0.866
            1.6892257         0.865
            1.6896480         0.862
            1.6900704         0.856
            1.6904929         0.856
            1.6909156         0.860
            1.6913383         0.862
            1.6917611         0.863
            1.6921841         0.864
            1.6926071         0.865
            1.6930303         0.864
            1.6934535         0.860
            1.6938769         0.860
            1.6943004         0.862
            1.6947239         0.862
            1.6951476         0.863
            1.6955714         0.862
            1.6959953         0.859
            1.6964193         0.854
            1.6968434         0.852
            1.6972676         0.858
            1.6976919         0.862
            1.6981163         0.863
            1.6985409         0.863
            1.6989655         0.862
            1.6993903         0.861
            1.6998151         0.861
            1.7002401         0.860
            1.7006651         0.859
            1.7010903         0.864
            1.7015156         0.865
            1.7019409         0.863
            1.7023664         0.863
            1.7027920         0.863
            1.7032177         0.864
            1.7036435         0.866
            1.7040694         0.866
            1.7044954         0.865
            1.7049216         0.863
            1.7053478         0.863
            1.7057741         0.863
            1.7062006         0.861
            1.7066271         0.861
            1.7070538         0.860
            1.7074805         0.858
            1.7079074         0.851
            1.7083344         0.849
            1.7087615         0.858
            1.7091887         0.866
            1.7096160         0.867
            1.7100434         0.865
            1.7104709         0.866
            1.7108985         0.868
            1.7113262         0.867
            1.7117541         0.865
            1.7121820         0.865
            1.7126100         0.864
            1.7130382         0.860
            1.7134664         0.851
            1.7138948         0.844
            1.7143233         0.850
            1.7147519         0.856
            1.7151806         0.855
            1.7156094         0.850
            1.7160383         0.852
            1.7164673         0.857
            1.7168964         0.857
            1.7173256         0.857
            1.7177549         0.856
            1.7181844         0.855
            1.7186139         0.854
            1.7190436         0.852
            1.7194733         0.849
            1.7199032         0.846
            1.7203332         0.835
            1.7207633         0.817
            1.7211935         0.820
            1.7216238         0.834
            1.7220542         0.837
            1.7224847         0.832
            1.7229153         0.821
            1.7233460         0.815
            1.7237769         0.813
            1.7242078         0.810
            1.7246389         0.817
            1.7250700         0.821
            1.7255013         0.818
            1.7259327         0.816
            1.7263641         0.817
            1.7267957         0.816
            1.7272274         0.815
            1.7276592         0.811
            1.7280912         0.804
            1.7285232         0.801
            1.7289553         0.807
            1.7293875         0.809
            1.7298199         0.807
            1.7302523         0.804
            1.7306849         0.801
            1.7311176         0.789
            1.7315504         0.762
            1.7319832         0.757
            1.7324162         0.782
            1.7328493         0.797
            1.7332826         0.799
            1.7337159         0.797
            1.7341493         0.794
            1.7345828         0.789
            1.7350165         0.778
            1.7354502         0.768
            1.7358841         0.766
            1.7363181         0.768
            1.7367522         0.779
            1.7371863         0.788
            1.7376206         0.789
            1.7380550         0.789
            1.7384896         0.788
            1.7389242         0.781
            1.7393589         0.772
            1.7397938         0.777
            1.7402287         0.775
            1.7406638         0.751
            1.7410989         0.749
            1.7415342         0.773
            1.7419696         0.787
            1.7424051         0.790
            1.7428407         0.791
            1.7432764         0.787
            1.7437122         0.770
            1.7441481         0.765
            1.7445842         0.784
            1.7450203         0.794
            1.7454566         0.791
            1.7458929         0.761
            1.7463294         0.716
            1.7467660         0.720
            1.7472027         0.763
            1.7476395         0.794
            1.7480764         0.803
            1.7485134         0.804
            1.7489505         0.804
            1.7493878         0.806
            1.7498251         0.806
            1.7502626         0.802
            1.7507001         0.780
            1.7511378         0.761
            1.7515756         0.787
            1.7520135         0.808
            1.7524515         0.812
            1.7528896         0.816
            1.7533278         0.817
            1.7537662         0.814
            1.7542046         0.795
            1.7546432         0.766
            1.7550818         0.781
            1.7555206         0.805
            1.7559595         0.794
            1.7563985         0.766
            1.7568376         0.757
            1.7572768         0.777
            1.7577161         0.808
            1.7581555         0.819
            1.7585951         0.820
            1.7590347         0.819
            1.7594745         0.817
            1.7599143         0.808
            1.7603543         0.786
            1.7607944         0.783
            1.7612346         0.800
            1.7616749         0.793
            1.7621153         0.772
            1.7625559         0.766
            1.7629965         0.783
            1.7634372         0.798
            1.7638781         0.799
            1.7643191         0.790
            1.7647602         0.742
            1.7652013         0.637
            1.7656426         0.624
            1.7660841         0.719
            1.7665256         0.763
            1.7669672         0.764
            1.7674090         0.757
            1.7678508         0.750
            1.7682928         0.743
            1.7687348         0.730
            1.7691770         0.717
            1.7696193         0.707
            1.7700617         0.690
            1.7705042         0.689
            1.7709469         0.708
            1.7713896         0.709
            1.7718324         0.698
            1.7722754         0.687
            1.7727185         0.673
            1.7731617         0.637
            1.7736049         0.595
            1.7740483         0.594
            1.7744919         0.608
            1.7749355         0.597
            1.7753792         0.555
            1.7758231         0.524
            1.7762670         0.537
            1.7767111         0.546
            1.7771553         0.532
            1.7775996         0.496
            1.7780440         0.439
            1.7784885         0.412
            1.7789331         0.438
            1.7793778         0.449
            1.7798227         0.435
            1.7802676         0.394
            1.7807127         0.340
            1.7811579         0.336
            1.7816032         0.354
            1.7820486         0.350
            1.7824941         0.333
            1.7829397         0.313
            1.7833854         0.285
            1.7838313         0.242
            1.7842772         0.202
            1.7847233         0.206
            1.7851695         0.212
            1.7856158         0.203
            1.7860622         0.198
            1.7865087         0.181
            1.7869553         0.173
            1.7874021         0.174
            1.7878489         0.166
            1.7882959         0.152
            1.7887429         0.146
            1.7891901         0.140
            1.7896374         0.126
            1.7900848         0.109
            1.7905324         0.099
            1.7909800         0.097
            1.7914277         0.092
            1.7918756         0.084
            1.7923236         0.077
            1.7927716         0.069
            1.7932198         0.059
            1.7936681         0.060
            1.7941166         0.062
            1.7945651         0.057
            1.7950137         0.053
            1.7954625         0.050
            1.7959113         0.045
            1.7963603         0.040
            1.7968094         0.040
            1.7972586         0.039
            1.7977079         0.036
            1.7981574         0.036
            1.7986069         0.034
            1.7990565         0.028
            1.7995063         0.020
            1.7999562         0.017
            1.8004062         0.015
            1.8008563         0.014
            1.8013065         0.015
            1.8017568         0.014
            1.8022073         0.014
            1.8026578         0.015
            1.8031085         0.014
            1.8035593         0.014
            1.8040101         0.015
            1.8044611         0.014
            1.8049123         0.012
            1.8053635         0.008
            1.8058148         0.006
            1.8062663         0.007
            1.8067178         0.008
            1.8071695         0.007
            1.8076213         0.008
            1.8080732         0.008
            1.8085252         0.007
            1.8089774         0.007
            1.8094296         0.007
            1.8098820         0.005
            1.8103344         0.003
            1.8107870         0.003
            1.8112397         0.004
            1.8116925         0.003
            1.8121455         0.002
            1.8125985         0.003
            1.8130516         0.003
            1.8135049         0.004
            1.8139583         0.004
            1.8144118         0.003
            1.8148654         0.002
            1.8153191         0.002
            1.8157729         0.002
            1.8162269         0.002
            1.8166809         0.002
            1.8171351         0.003
            1.8175894         0.002
            1.8180438         0.002
            1.8184983         0.002
            1.8189529         0.002
            1.8194077         0.001
            1.8198625         0.000
            1.8203175         0.000
            1.8207725         0.001
            1.8212277         0.001
            1.8216830         0.001
            1.8221385         0.001
            1.8225940         0.001
            1.8230497         0.002
            1.8235054         0.002
            1.8239613         0.001
            1.8244173         0.001
            1.8248734         0.001
            1.8253296         0.001
            1.8257859         0.000
            1.8262424         0.000
            1.8266989         0.001
            1.8271556         0.001
            1.8276124         0.000
            1.8280693         0.000
            1.8285263         0.000
            1.8289835         0.000
            1.8294407         0.000
            1.8298981         0.000
            1.8303555         0.000
            1.8308131         0.000
            1.8312708         0.000
            1.8317286         0.000
            1.8321866         0.000
            1.8326446         0.000
            1.8331028         0.000
            1.8335611         0.000
            1.8340195         0.000
            1.8344780         0.000
            1.8349366         0.000
            1.8353953         0.000
            1.8358542         0.000
            1.8363131         0.000
            1.8367722         0.000
            1.8372314         0.000
            1.8376907         0.000
            1.8381501         0.000
            1.8386097         0.000
            1.8390693         0.000
            1.8395291         0.000
            1.8399890         0.000
            1.8404490         0.000
            1.8409091         0.000
            1.8413693         0.000
            1.8418296         0.000
            1.8422901         0.000
            1.8427507         0.000
            1.8432114         0.000
            1.8436722         0.000
            1.8441331         0.000
            1.8445941         0.000
            1.8450553         0.000
            1.8455165         0.000
            1.8459779         0.000
            1.8464394         0.000
            1.8469010         0.000
            1.8473627         0.000
            1.8478246         0.000
            1.8482865         0.000
            1.8487486         0.000
            1.8492108         0.000
            1.8496731         0.000
            1.8501355         0.000
            1.8505980         0.000
            1.8510607         0.000
            1.8515235         0.000
            1.8519863         0.000
            1.8524493         0.000
            1.8529125         0.000
            1.8533757         0.000
            1.8538390         0.000
            1.8543025         0.000
            1.8547661         0.000
            1.8552298         0.000
            1.8556936         0.000
            1.8561575         0.000
            1.8566215         0.000
            1.8570857         0.000
            1.8575500         0.000
            1.8580143         0.000
            1.8584788         0.000
            1.8589435         0.000
            1.8594082         0.000
            1.8598730         0.000
            1.8603380         0.000
            1.8608031         0.000
            1.8612683         0.000
            1.8617336         0.000
            1.8621991         0.000
            1.8626646         0.000
            1.8631303         0.000
            1.8635961         0.000
            1.8640620         0.000
            1.8645280         0.000
            1.8649941         0.000
            1.8654603         0.000
            1.8659267        -0.000
            1.8663932         0.000
            1.8668598         0.000
            1.8673265         0.000
            1.8677933         0.000
            1.8682603         0.000
            1.8687274        -0.000
            1.8691945        -0.000
            1.8696618        -0.000
            1.8701292        -0.000
            1.8705968         0.000
            1.8710644         0.000
            1.8715322         0.000
            1.8720001         0.000
            1.8724681         0.000
            1.8729362         0.000
            1.8734044         0.000
            1.8738728         0.000
            1.8743412         0.000
            1.8748098         0.000
            1.8752785         0.000
            1.8757474         0.000
            1.8762163         0.000
            1.8766853         0.000
            1.8771545         0.000
            1.8776238         0.000
            1.8780932         0.000
            1.8785627         0.000
            1.8790324         0.000
            1.8795021         0.000
            1.8799720         0.000
            1.8804420         0.000
            1.8809121         0.000
            1.8813823         0.000
            1.8818527         0.000
            1.8823232         0.000
            1.8827937         0.000
            1.8832644         0.000
            1.8837352         0.000
            1.8842062         0.000
            1.8846772         0.000
            1.8851484         0.000
            1.8856197         0.000
            1.8860911         0.000
            1.8865626         0.000
            1.8870343         0.000
            1.8875060         0.000
            1.8879779         0.000
            1.8884499         0.000
            1.8889220         0.000
            1.8893942         0.000
            1.8898666         0.000
            1.8903390         0.000
            1.8908116         0.000
            1.8912843         0.000
            1.8917572         0.000
            1.8922301         0.000
            1.8927031         0.000
            1.8931763         0.000
            1.8936496         0.000
            1.8941230         0.000
            1.8945966         0.000
            1.8950702         0.000
            1.8955440         0.000
            1.8960179         0.000
            1.8964919         0.000
            1.8969660         0.000
            1.8974402         0.000
            1.8979146         0.000
            1.8983891         0.000
            1.8988637         0.000
            1.8993384         0.000
            1.8998132         0.000
            1.9002882         0.000
            1.9007632        -0.000
            1.9012384        -0.000
            1.9017137         0.000
            1.9021892         0.000
            1.9026647         0.000
            1.9031404         0.000
            1.9036162        -0.000
            1.9040921        -0.000
            1.9045681        -0.000
            1.9050442         0.000
            1.9055205         0.000
            1.9059969         0.000
            1.9064734         0.000
            1.9069500         0.000
            1.9074267         0.000
            1.9079036         0.000
            1.9083806         0.000
            1.9088577         0.000
            1.9093349         0.000
            1.9098122         0.000
            1.9102897         0.000
            1.9107672         0.000
            1.9112449         0.000
            1.9117227         0.000
            1.9122007         0.000
            1.9126787         0.000
            1.9131569         0.000
            1.9136352         0.000
            1.9141136         0.000
            1.9145921         0.000
            1.9150708         0.000
            1.9155495         0.000
            1.9160284         0.000
            1.9165074         0.000
            1.9169866         0.000
            1.9174658         0.000
            1.9179452         0.000
            1.9184247         0.000
            1.9189043         0.000
            1.9193840         0.000
            1.9198638         0.000
            1.9203438         0.000
            1.9208239         0.000
            1.9213041         0.000
            1.9217844        -0.000
            1.9222649        -0.000
            1.9227454        -0.000
            1.9232261        -0.000
            1.9237069        -0.000
            1.9241879         0.000
            1.9246689         0.000
            1.9251501         0.000
            1.9256314         0.000
            1.9261128         0.000
            1.9265943         0.000
            1.9270759         0.000
            1.9275577         0.000
            1.9280396         0.000
            1.9285216         0.000
            1.9290037         0.000
            1.9294860         0.000
            1.9299684         0.000
            1.9304508         0.000
            1.9309335         0.000
            1.9314162         0.000
            1.9318990         0.000
            1.9323820         0.000
            1.9328651         0.000
            1.9333483         0.000
            1.9338317         0.000
            1.9343151         0.000
            1.9347987         0.000
            1.9352824         0.000
            1.9357662         0.000
            1.9362502         0.000
            1.9367342         0.000
            1.9372184         0.000
            1.9377027         0.000
            1.9381871         0.000
            1.9386717         0.000
            1.9391564         0.000
            1.9396412         0.000
            1.9401261        -0.000
            1.9406111        -0.000
            1.9410962        -0.000
            1.9415815        -0.000
            1.9420669        -0.000
            1.9425524         0.000
            1.9430381         0.000
            1.9435238         0.000
            1.9440097         0.000
            1.9444957         0.000
            1.9449818         0.000
            1.9454681         0.000
            1.9459545         0.000
            1.9464409         0.000
            1.9469275         0.000
            1.9474143         0.000
            1.9479011         0.000
            1.9483881         0.000
            1.9488752         0.000
            1.9493624         0.000
            1.9498498         0.000
            1.9503372         0.000
            1.9508248         0.000
            1.9513125         0.000
            1.9518003         0.000
            1.9522883         0.000
            1.9527764         0.000
            1.9532646         0.000
            1.9537529         0.000
            1.9542413         0.000
            1.9547299         0.000
            1.9552186         0.000
            1.9557074         0.000
            1.9561963         0.000
            1.9566853         0.000
            1.9571745         0.000
            1.9576638         0.000
            1.9581532         0.000
            1.9586428         0.000
            1.9591324         0.000
            1.9596222         0.000
            1.9601121         0.000
            1.9606021         0.000
            1.9610923         0.000
            1.9615826         0.000
            1.9620730         0.000
            1.9625635         0.000
            1.9630541         0.000
            1.9635449         0.000
            1.9640358         0.000
            1.9645268         0.000
            1.9650179         0.000
            1.9655092         0.000
            1.9660005         0.000
            1.9664920         0.000
            1.9669837         0.000
            1.9674754         0.000
            1.9679673         0.000
            1.9684593         0.000
            1.9689514         0.000
            1.9694436         0.000
            1.9699360         0.000
            1.9704285         0.000
            1.9709211        -0.000
            1.9714138        -0.000
            1.9719067        -0.000
            1.9723996        -0.000
            1.9728927        -0.000
            1.9733860         0.000
            1.9738793         0.000
            1.9743728         0.000
            1.9748664         0.000
            1.9753601         0.000
            1.9758539         0.000
            1.9763479         0.000
            1.9768420         0.000
            1.9773362         0.000
            1.9778305         0.000
            1.9783250         0.000
            1.9788196         0.000
            1.9793143         0.000
            1.9798091         0.000
            1.9803040         0.000
            1.9807991         0.000
            1.9812943         0.000
            1.9817896         0.000
            1.9822851         0.000
            1.9827807         0.000
            1.9832764         0.000
            1.9837722         0.000
            1.9842681         0.000
            1.9847642         0.000
            1.9852604         0.000
            1.9857567         0.000
            1.9862531         0.000
            1.9867497         0.000
            1.9872464         0.000
            1.9877432         0.000
            1.9882401         0.000
            1.9887372         0.000
            1.9892344         0.000
            1.9897317         0.000
            1.9902291         0.000
            1.9907267         0.000
            1.9912244         0.000
            1.9917222         0.000
            1.9922201         0.000
            1.9927181         0.000
            1.9932163         0.000
            1.9937146         0.000
            1.9942131         0.000
            1.9947116         0.000
            1.9952103         0.000
            1.9957091         0.000
            1.9962080         0.001
