# Generated by M. Cushing, Wed Feb 18 16:00:57 2009
#
# The filter profile are from Tokunaga et al. (2002, PASP, 114, 180)
# and are at 65 K. The atmospheric transmission was computed using
# ATRAN at an airmass of 1, with a precipitable water vapor of 2 mm. 
# The transmission spectrum was smoothed to R=2000 and resampled to 2
# pixels per resolution element.  The filter transmission function was
# then resampled onto this wavelength scale.
#
#====================================
#Wavelength (microns)  Transmission
#====================================
            1.0000858        -0.000
            1.0003358         0.000
            1.0005859        -0.000
            1.0008360         0.001
            1.0010862         0.001
            1.0013365        -0.000
            1.0015869        -0.001
            1.0018372        -0.000
            1.0020877         0.000
            1.0023382        -0.000
            1.0025888         0.001
            1.0028395         0.001
            1.0030902        -0.000
            1.0033409        -0.001
            1.0035918        -0.001
            1.0038427         0.000
            1.0040936         0.001
            1.0043447         0.000
            1.0045957        -0.002
            1.0048469        -0.001
            1.0050981        -0.000
            1.0053494         0.000
            1.0056007         0.001
            1.0058521         0.000
            1.0061036         0.000
            1.0063551        -0.000
            1.0066067        -0.001
            1.0068583        -0.000
            1.0071101         0.000
            1.0073618        -0.000
            1.0076137         0.000
            1.0078656         0.001
            1.0081176         0.000
            1.0083696         0.001
            1.0086217        -0.000
            1.0088738        -0.000
            1.0091260        -0.000
            1.0093783        -0.000
            1.0096307        -0.001
            1.0098831        -0.001
            1.0101356        -0.000
            1.0103881        -0.000
            1.0106407         0.001
            1.0108933        -0.000
            1.0111461        -0.001
            1.0113989         0.000
            1.0116517        -0.000
            1.0119046        -0.001
            1.0121576        -0.000
            1.0124106         0.000
            1.0126637         0.001
            1.0129169         0.000
            1.0131701         0.001
            1.0134234         0.001
            1.0136768         0.000
            1.0139302         0.000
            1.0141837         0.000
            1.0144372        -0.000
            1.0146908         0.000
            1.0149445         0.000
            1.0151982         0.000
            1.0154520        -0.000
            1.0157059        -0.000
            1.0159598         0.000
            1.0162138         0.001
            1.0164679         0.000
            1.0167220        -0.001
            1.0169762        -0.001
            1.0172304        -0.001
            1.0174847        -0.001
            1.0177391        -0.000
            1.0179935         0.000
            1.0182480         0.000
            1.0185026         0.000
            1.0187572         0.000
            1.0190119         0.000
            1.0192667         0.001
            1.0195215         0.001
            1.0197764        -0.000
            1.0200313        -0.001
            1.0202863        -0.000
            1.0205414        -0.001
            1.0207965        -0.001
            1.0210517        -0.000
            1.0213070         0.001
            1.0215623         0.000
            1.0218177        -0.000
            1.0220731        -0.000
            1.0223287        -0.000
            1.0225842         0.001
            1.0228399         0.001
            1.0230956        -0.000
            1.0233514         0.000
            1.0236072         0.001
            1.0238631         0.000
            1.0241191         0.000
            1.0243751         0.000
            1.0246312         0.001
            1.0248874         0.001
            1.0251436         0.001
            1.0253999         0.000
            1.0256562         0.000
            1.0259126        -0.000
            1.0261691         0.000
            1.0264257         0.000
            1.0266823        -0.001
            1.0269389        -0.001
            1.0271957        -0.000
            1.0274525         0.000
            1.0277093         0.000
            1.0279663         0.000
            1.0282233         0.001
            1.0284803         0.000
            1.0287374        -0.000
            1.0289946         0.000
            1.0292519        -0.000
            1.0295092        -0.000
            1.0297665        -0.000
            1.0300240         0.000
            1.0302815        -0.000
            1.0305391        -0.000
            1.0307967         0.000
            1.0310544        -0.000
            1.0313122        -0.000
            1.0315700        -0.000
            1.0318279        -0.001
            1.0320858        -0.000
            1.0323439         0.000
            1.0326020         0.000
            1.0328601         0.000
            1.0331183         0.001
            1.0333766         0.001
            1.0336349         0.001
            1.0338933        -0.000
            1.0341518        -0.000
            1.0344104         0.001
            1.0346690         0.000
            1.0349276        -0.001
            1.0351864        -0.000
            1.0354452        -0.000
            1.0357040        -0.001
            1.0359629        -0.001
            1.0362219         0.000
            1.0364810        -0.000
            1.0367401         0.000
            1.0369993        -0.000
            1.0372585        -0.001
            1.0375179         0.001
            1.0377772         0.000
            1.0380367         0.001
            1.0382962         0.001
            1.0385558         0.000
            1.0388154         0.000
            1.0390751         0.000
            1.0393349         0.000
            1.0395947         0.000
            1.0398546        -0.000
            1.0401146         0.000
            1.0403746        -0.000
            1.0406347        -0.000
            1.0408949        -0.000
            1.0411551         0.000
            1.0414154         0.000
            1.0416757        -0.000
            1.0419361         0.000
            1.0421966        -0.000
            1.0424572        -0.001
            1.0427178        -0.000
            1.0429785        -0.000
            1.0432392        -0.001
            1.0435000        -0.001
            1.0437609        -0.001
            1.0440218        -0.000
            1.0442828         0.000
            1.0445439        -0.000
            1.0448051        -0.001
            1.0450663         0.000
            1.0453275        -0.000
            1.0455889        -0.000
            1.0458502         0.001
            1.0461117        -0.000
            1.0463732         0.000
            1.0466348         0.000
            1.0468965         0.001
            1.0471582         0.001
            1.0474200         0.001
            1.0476819        -0.000
            1.0479438        -0.000
            1.0482058        -0.001
            1.0484678        -0.001
            1.0487299        -0.000
            1.0489921        -0.000
            1.0492544         0.000
            1.0495167         0.000
            1.0497791        -0.000
            1.0500415        -0.001
            1.0503040        -0.000
            1.0505666         0.000
            1.0508292        -0.000
            1.0510919        -0.001
            1.0513547         0.000
            1.0516175        -0.000
            1.0518805        -0.001
            1.0521434        -0.000
            1.0524065        -0.000
            1.0526696        -0.000
            1.0529327         0.000
            1.0531960         0.001
            1.0534593        -0.000
            1.0537226         0.001
            1.0539861         0.001
            1.0542496         0.001
            1.0545131         0.001
            1.0547767         0.000
            1.0550404        -0.001
            1.0553042        -0.001
            1.0555680        -0.001
            1.0558319         0.000
            1.0560959         0.000
            1.0563599         0.001
            1.0566240         0.000
            1.0568881        -0.000
            1.0571524        -0.000
            1.0574167        -0.000
            1.0576810        -0.000
            1.0579454        -0.000
            1.0582099        -0.001
            1.0584745        -0.001
            1.0587391        -0.000
            1.0590038         0.001
            1.0592685         0.000
            1.0595333         0.000
            1.0597982        -0.000
            1.0600632         0.001
            1.0603282         0.000
            1.0605933        -0.001
            1.0608584        -0.001
            1.0611236        -0.000
            1.0613889        -0.000
            1.0616543        -0.000
            1.0619197        -0.001
            1.0621852        -0.000
            1.0624507        -0.000
            1.0627163        -0.000
            1.0629820        -0.000
            1.0632477        -0.001
            1.0635135        -0.000
            1.0637794         0.000
            1.0640454         0.001
            1.0643114         0.000
            1.0645775         0.001
            1.0648436        -0.000
            1.0651098        -0.000
            1.0653761        -0.001
            1.0656424        -0.001
            1.0659088         0.000
            1.0661753         0.000
            1.0664419        -0.001
            1.0667085         0.001
            1.0669752         0.001
            1.0672419        -0.000
            1.0675087        -0.000
            1.0677756        -0.000
            1.0680425         0.001
            1.0683095         0.000
            1.0685766         0.000
            1.0688438         0.001
            1.0691110         0.001
            1.0693783         0.001
            1.0696456         0.000
            1.0699130         0.000
            1.0701805         0.000
            1.0704480         0.000
            1.0707156         0.001
            1.0709833         0.000
            1.0712511        -0.001
            1.0715189        -0.000
            1.0717868        -0.000
            1.0720547        -0.000
            1.0723227        -0.001
            1.0725908        -0.000
            1.0728590        -0.000
            1.0731272         0.000
            1.0733954        -0.000
            1.0736638         0.001
            1.0739322         0.001
            1.0742007         0.001
            1.0744692         0.000
            1.0747379        -0.000
            1.0750065        -0.001
            1.0752753        -0.000
            1.0755441         0.000
            1.0758130         0.000
            1.0760820         0.000
            1.0763510         0.000
            1.0766201         0.000
            1.0768892         0.000
            1.0771584         0.001
            1.0774277        -0.000
            1.0776971        -0.000
            1.0779665        -0.000
            1.0782360        -0.000
            1.0785056        -0.000
            1.0787752        -0.000
            1.0790449        -0.001
            1.0793146        -0.001
            1.0795845         0.000
            1.0798544         0.000
            1.0801243         0.000
            1.0803944        -0.001
            1.0806645        -0.001
            1.0809346         0.000
            1.0812049         0.000
            1.0814752         0.000
            1.0817455         0.000
            1.0820160         0.000
            1.0822865         0.000
            1.0825570        -0.000
            1.0828277        -0.000
            1.0830984         0.001
            1.0833692        -0.000
            1.0836400         0.000
            1.0839109         0.000
            1.0841819        -0.000
            1.0844529        -0.000
            1.0847241         0.000
            1.0849952         0.001
            1.0852665         0.000
            1.0855378        -0.000
            1.0858092         0.000
            1.0860806         0.001
            1.0863522         0.000
            1.0866237         0.001
            1.0868954         0.001
            1.0871671         0.001
            1.0874389         0.001
            1.0877108         0.000
            1.0879827        -0.000
            1.0882547         0.000
            1.0885268         0.001
            1.0887989         0.000
            1.0890711        -0.000
            1.0893434         0.000
            1.0896157         0.001
            1.0898881         0.001
            1.0901606         0.000
            1.0904331         0.001
            1.0907057         0.000
            1.0909784         0.000
            1.0912511         0.001
            1.0915240         0.000
            1.0917968         0.001
            1.0920698         0.000
            1.0923428         0.000
            1.0926159         0.000
            1.0928890         0.000
            1.0931623        -0.000
            1.0934356        -0.001
            1.0937089        -0.001
            1.0939823         0.000
            1.0942558        -0.000
            1.0945294        -0.000
            1.0948030         0.001
            1.0950767        -0.000
            1.0953505         0.000
            1.0956243         0.000
            1.0958982        -0.000
            1.0961722         0.000
            1.0964463        -0.000
            1.0967204        -0.000
            1.0969946        -0.000
            1.0972688        -0.000
            1.0975431        -0.001
            1.0978175        -0.001
            1.0980920        -0.000
            1.0983665        -0.000
            1.0986411         0.000
            1.0989157        -0.000
            1.0991905         0.000
            1.0994653         0.000
            1.0997401        -0.000
            1.1000151        -0.000
            1.1002901         0.000
            1.1005651         0.001
            1.1008403         0.001
            1.1011155         0.001
            1.1013908         0.001
            1.1016661         0.000
            1.1019415        -0.000
            1.1022170         0.000
            1.1024926         0.000
            1.1027682         0.001
            1.1030439        -0.000
            1.1033197         0.000
            1.1035955         0.001
            1.1038714        -0.000
            1.1041474        -0.000
            1.1044234         0.000
            1.1046995        -0.000
            1.1049757        -0.000
            1.1052519         0.001
            1.1055282         0.001
            1.1058046         0.001
            1.1060811         0.000
            1.1063576        -0.000
            1.1066342         0.000
            1.1069108         0.000
            1.1071876         0.001
            1.1074644         0.000
            1.1077412        -0.000
            1.1080182        -0.000
            1.1082952         0.000
            1.1085722         0.001
            1.1088494         0.000
            1.1091266        -0.000
            1.1094039         0.000
            1.1096812         0.000
            1.1099586         0.000
            1.1102361         0.000
            1.1105137         0.000
            1.1107913         0.001
            1.1110690        -0.000
            1.1113468        -0.000
            1.1116246        -0.000
            1.1119025         0.000
            1.1121805         0.001
            1.1124585         0.001
            1.1127367         0.000
            1.1130148        -0.000
            1.1132931         0.000
            1.1135714         0.000
            1.1138498         0.001
            1.1141283         0.000
            1.1144068        -0.000
            1.1146854         0.001
            1.1149641         0.001
            1.1152428         0.000
            1.1155216         0.001
            1.1158005        -0.000
            1.1160795         0.000
            1.1163585         0.001
            1.1166376         0.000
            1.1169167        -0.000
            1.1171960         0.000
            1.1174753         0.000
            1.1177546         0.000
            1.1180341        -0.000
            1.1183136        -0.000
            1.1185932        -0.000
            1.1188728         0.000
            1.1191525        -0.000
            1.1194323         0.000
            1.1197122         0.000
            1.1199921         0.000
            1.1202721        -0.000
            1.1205522         0.000
            1.1208323         0.001
            1.1211125         0.001
            1.1213928         0.000
            1.1216731        -0.000
            1.1219536         0.000
            1.1222340         0.000
            1.1225146         0.000
            1.1227952        -0.000
            1.1230759        -0.000
            1.1233567        -0.000
            1.1236375         0.000
            1.1239184         0.000
            1.1241994         0.001
            1.1244805        -0.000
            1.1247616         0.000
            1.1250428         0.000
            1.1253240         0.000
            1.1256054        -0.000
            1.1258868        -0.000
            1.1261682         0.000
            1.1264498         0.000
            1.1267314         0.000
            1.1270131         0.000
            1.1272948         0.000
            1.1275767         0.001
            1.1278586         0.000
            1.1281405         0.000
            1.1284226         0.001
            1.1287047         0.001
            1.1289868         0.000
            1.1292691         0.000
            1.1295514         0.000
            1.1298338        -0.000
            1.1301162         0.000
            1.1303988         0.000
            1.1306814         0.000
            1.1309640         0.000
            1.1312468         0.000
            1.1315296         0.000
            1.1318125         0.000
            1.1320954         0.000
            1.1323785         0.000
            1.1326616         0.001
            1.1329447         0.001
            1.1332280         0.000
            1.1335113         0.000
            1.1337946         0.000
            1.1340781         0.000
            1.1343616         0.000
            1.1346452         0.000
            1.1349289         0.000
            1.1352126         0.000
            1.1354964         0.001
            1.1357803         0.000
            1.1360642         0.001
            1.1363482         0.001
            1.1366323         0.001
            1.1369165         0.001
            1.1372007         0.001
            1.1374850         0.001
            1.1377694         0.002
            1.1380538         0.001
            1.1383383         0.001
            1.1386229         0.001
            1.1389076         0.002
            1.1391923         0.002
            1.1394771         0.001
            1.1397620         0.001
            1.1400469         0.001
            1.1403319         0.002
            1.1406170         0.001
            1.1409022         0.001
            1.1411874         0.002
            1.1414727         0.002
            1.1417580         0.003
            1.1420435         0.003
            1.1423290         0.002
            1.1426146         0.003
            1.1429002         0.003
            1.1431860         0.003
            1.1434718         0.003
            1.1437576         0.003
            1.1440436         0.003
            1.1443296         0.003
            1.1446157         0.003
            1.1449018         0.004
            1.1451880         0.004
            1.1454743         0.004
            1.1457607         0.005
            1.1460471         0.005
            1.1463337         0.004
            1.1466202         0.004
            1.1469069         0.005
            1.1471936         0.006
            1.1474804         0.007
            1.1477673         0.008
            1.1480542         0.008
            1.1483412         0.008
            1.1486283         0.008
            1.1489155         0.009
            1.1492027         0.009
            1.1494900         0.008
            1.1497774         0.010
            1.1500648         0.012
            1.1503523         0.013
            1.1506399         0.013
            1.1509276         0.014
            1.1512153         0.015
            1.1515031         0.016
            1.1517910         0.015
            1.1520790         0.016
            1.1523670         0.015
            1.1526551         0.018
            1.1529432         0.023
            1.1532315         0.023
            1.1535198         0.022
            1.1538082         0.023
            1.1540966         0.025
            1.1543851         0.029
            1.1546737         0.031
            1.1549624         0.033
            1.1552511         0.033
            1.1555399         0.034
            1.1558288         0.038
            1.1561178         0.042
            1.1564068         0.045
            1.1566959         0.048
            1.1569851         0.051
            1.1572743         0.052
            1.1575637         0.054
            1.1578531         0.061
            1.1581425         0.067
            1.1584320         0.069
            1.1587217         0.071
            1.1590113         0.080
            1.1593011         0.085
            1.1595909         0.092
            1.1598808         0.095
            1.1601708         0.101
            1.1604608         0.112
            1.1607509         0.123
            1.1610411         0.132
            1.1613314         0.141
            1.1616217         0.153
            1.1619121         0.160
            1.1622026         0.172
            1.1624932         0.191
            1.1627838         0.208
            1.1630745         0.219
            1.1633652         0.231
            1.1636561         0.250
            1.1639470         0.273
            1.1642380         0.292
            1.1645290         0.309
            1.1648202         0.325
            1.1651114         0.347
            1.1654027         0.366
            1.1656940         0.393
            1.1659854         0.424
            1.1662769         0.450
            1.1665685         0.471
            1.1668601         0.504
            1.1671519         0.536
            1.1674436         0.561
            1.1677355         0.587
            1.1680274         0.606
            1.1683194         0.634
            1.1686115         0.664
            1.1689037         0.688
            1.1691959         0.704
            1.1694882         0.728
            1.1697806         0.745
            1.1700730         0.754
            1.1703655         0.768
            1.1706581         0.780
            1.1709508         0.795
            1.1712435         0.806
            1.1715363         0.809
            1.1718292         0.809
            1.1721222         0.809
            1.1724152         0.815
            1.1727083         0.816
            1.1730015         0.816
            1.1732947         0.802
            1.1735881         0.776
            1.1738815         0.774
            1.1741749         0.798
            1.1744685         0.811
            1.1747621         0.806
            1.1750558         0.792
            1.1753496         0.794
            1.1756434         0.804
            1.1759373         0.804
            1.1762313         0.800
            1.1765253         0.797
            1.1768195         0.786
            1.1771137         0.759
            1.1774080         0.740
            1.1777023         0.755
            1.1779967         0.768
            1.1782912         0.773
            1.1785858         0.782
            1.1788805         0.777
            1.1791752         0.759
            1.1794700         0.756
            1.1797648         0.774
            1.1800598         0.783
            1.1803548         0.783
            1.1806499         0.778
            1.1809450         0.771
            1.1812403         0.750
            1.1815356         0.719
            1.1818310         0.723
            1.1821264         0.756
            1.1824220         0.778
            1.1827176         0.790
            1.1830132         0.795
            1.1833090         0.795
            1.1836048         0.787
            1.1839007         0.771
            1.1841967         0.765
            1.1844928         0.767
            1.1847889         0.775
            1.1850851         0.794
            1.1853813         0.804
            1.1856777         0.805
            1.1859741         0.805
            1.1862706         0.803
            1.1865672         0.804
            1.1868638         0.800
            1.1871605         0.786
            1.1874573         0.773
            1.1877542         0.773
            1.1880511         0.775
            1.1883481         0.794
            1.1886452         0.802
            1.1889424         0.802
            1.1892396         0.810
            1.1895369         0.816
            1.1898343         0.809
            1.1901318         0.806
            1.1904293         0.804
            1.1907269         0.806
            1.1910246         0.812
            1.1913224         0.811
            1.1916202         0.808
            1.1919181         0.813
            1.1922161         0.814
            1.1925141         0.816
            1.1928122         0.806
            1.1931105         0.794
            1.1934087         0.798
            1.1937071         0.812
            1.1940055         0.813
            1.1943040         0.811
            1.1946026         0.807
            1.1949012         0.805
            1.1952000         0.804
            1.1954988         0.806
            1.1957976         0.811
            1.1960966         0.812
            1.1963956         0.815
            1.1966947         0.816
            1.1969939         0.810
            1.1972931         0.803
            1.1975925         0.813
            1.1978919         0.818
            1.1981913         0.809
            1.1984909         0.795
            1.1987905         0.798
            1.1990902         0.814
            1.1993900         0.823
            1.1996898         0.824
            1.1999897         0.825
            1.2002897         0.826
            1.2005898         0.826
            1.2008900         0.827
            1.2011902         0.826
            1.2014905         0.819
            1.2017908         0.831
            1.2020913         0.844
            1.2023918         0.846
            1.2026924         0.844
            1.2029931         0.835
            1.2032938         0.805
            1.2035947         0.799
            1.2038956         0.827
            1.2041965         0.848
            1.2044976         0.843
            1.2047987         0.839
            1.2050999         0.854
            1.2054012         0.867
            1.2057025         0.867
            1.2060040         0.865
            1.2063055         0.860
            1.2066070         0.861
            1.2069087         0.858
            1.2072104         0.859
            1.2075122         0.863
            1.2078141         0.859
            1.2081160         0.863
            1.2084181         0.866
            1.2087202         0.858
            1.2090224         0.859
            1.2093246         0.866
            1.2096269         0.864
            1.2099294         0.867
            1.2102318         0.873
            1.2105344         0.869
            1.2108370         0.857
            1.2111397         0.849
            1.2114425         0.856
            1.2117454         0.857
            1.2120483         0.856
            1.2123513         0.857
            1.2126544         0.861
            1.2129576         0.858
            1.2132608         0.856
            1.2135641         0.849
            1.2138675         0.845
            1.2141710         0.842
            1.2144745         0.839
            1.2147782         0.838
            1.2150819         0.840
            1.2153856         0.843
            1.2156895         0.844
            1.2159934         0.838
            1.2162974         0.832
            1.2166015         0.831
            1.2169056         0.834
            1.2172098         0.833
            1.2175141         0.828
            1.2178185         0.824
            1.2181230         0.824
            1.2184275         0.820
            1.2187321         0.817
            1.2190368         0.814
            1.2193416         0.817
            1.2196464         0.818
            1.2199513         0.818
            1.2202563         0.818
            1.2205614         0.819
            1.2208665         0.817
            1.2211717         0.811
            1.2214770         0.809
            1.2217824         0.813
            1.2220878         0.811
            1.2223933         0.809
            1.2226989         0.813
            1.2230046         0.813
            1.2233104         0.809
            1.2236162         0.812
            1.2239221         0.814
            1.2242281         0.816
            1.2245341         0.817
            1.2248403         0.817
            1.2251465         0.817
            1.2254528         0.820
            1.2257591         0.822
            1.2260656         0.824
            1.2263721         0.819
            1.2266787         0.818
            1.2269853         0.821
            1.2272921         0.827
            1.2275989         0.828
            1.2279058         0.830
            1.2282128         0.828
            1.2285198         0.832
            1.2288270         0.834
            1.2291342         0.833
            1.2294415         0.833
            1.2297488         0.837
            1.2300563         0.840
            1.2303638         0.844
            1.2306714         0.842
            1.2309790         0.843
            1.2312868         0.843
            1.2315946         0.847
            1.2319025         0.848
            1.2322105         0.849
            1.2325185         0.848
            1.2328267         0.849
            1.2331349         0.852
            1.2334431         0.855
            1.2337515         0.856
            1.2340599         0.857
            1.2343685         0.856
            1.2346771         0.859
            1.2349857         0.859
            1.2352945         0.860
            1.2356033         0.857
            1.2359122         0.862
            1.2362212         0.860
            1.2365302         0.864
            1.2368394         0.862
            1.2371486         0.863
            1.2374579         0.862
            1.2377672         0.864
            1.2380767         0.864
            1.2383862         0.865
            1.2386958         0.862
            1.2390055         0.863
            1.2393152         0.864
            1.2396250         0.866
            1.2399349         0.865
            1.2402449         0.863
            1.2405550         0.864
            1.2408651         0.865
            1.2411753         0.864
            1.2414856         0.863
            1.2417960         0.861
            1.2421065         0.863
            1.2424170         0.863
            1.2427276         0.862
            1.2430383         0.861
            1.2433490         0.860
            1.2436599         0.859
            1.2439708         0.861
            1.2442818         0.861
            1.2445928         0.860
            1.2449040         0.858
            1.2452152         0.859
            1.2455265         0.860
            1.2458379         0.860
            1.2461494         0.859
            1.2464609         0.859
            1.2467725         0.860
            1.2470842         0.862
            1.2473960         0.860
            1.2477078         0.858
            1.2480198         0.860
            1.2483318         0.860
            1.2486438         0.860
            1.2489560         0.859
            1.2492682         0.860
            1.2495806         0.859
            1.2498930         0.862
            1.2502054         0.860
            1.2505180         0.861
            1.2508306         0.860
            1.2511433         0.863
            1.2514561         0.864
            1.2517690         0.866
            1.2520819         0.862
            1.2523949         0.862
            1.2527080         0.867
            1.2530212         0.871
            1.2533345         0.870
            1.2536478         0.866
            1.2539612         0.864
            1.2542747         0.870
            1.2545883         0.873
            1.2549019         0.875
            1.2552156         0.870
            1.2555294         0.867
            1.2558433         0.873
            1.2561573         0.878
            1.2564713         0.880
            1.2567854         0.875
            1.2570996         0.868
            1.2574139         0.875
            1.2577283         0.885
            1.2580427         0.887
            1.2583572         0.882
            1.2586718         0.873
            1.2589865         0.875
            1.2593012         0.886
            1.2596160         0.890
            1.2599309         0.884
            1.2602459         0.872
            1.2605610         0.865
            1.2608761         0.876
            1.2611913         0.880
            1.2615066         0.878
            1.2618220         0.868
            1.2621375         0.856
            1.2624530         0.858
            1.2627686         0.871
            1.2630843         0.867
            1.2634001         0.867
            1.2637159         0.852
            1.2640319         0.847
            1.2643479         0.862
            1.2646640         0.865
            1.2649801         0.869
            1.2652964         0.865
            1.2656127         0.851
            1.2659291         0.861
            1.2662456         0.870
            1.2665621         0.876
            1.2668788         0.889
            1.2671955         0.885
            1.2675123         0.881
            1.2678292         0.851
            1.2681461         0.756
            1.2684632         0.697
            1.2687803         0.743
            1.2690975         0.817
            1.2694148         0.863
            1.2697321         0.890
            1.2700495         0.904
            1.2703671         0.899
            1.2706846         0.903
            1.2710023         0.910
            1.2713201         0.902
            1.2716379         0.899
            1.2719558         0.909
            1.2722738         0.903
            1.2725919         0.899
            1.2729100         0.908
            1.2732282         0.912
            1.2735466         0.903
            1.2738649         0.907
            1.2741834         0.911
            1.2745019         0.907
            1.2748206         0.908
            1.2751393         0.920
            1.2754581         0.919
            1.2757769         0.906
            1.2760959         0.908
            1.2764149         0.915
            1.2767340         0.917
            1.2770532         0.917
            1.2773724         0.924
            1.2776918         0.920
            1.2780112         0.913
            1.2783307         0.917
            1.2786503         0.924
            1.2789700         0.922
            1.2792897         0.919
            1.2796095         0.920
            1.2799294         0.919
            1.2802494         0.915
            1.2805695         0.915
            1.2808896         0.919
            1.2812098         0.921
            1.2815301         0.919
            1.2818505         0.913
            1.2821710         0.909
            1.2824915         0.912
            1.2828122         0.915
            1.2831329         0.913
            1.2834536         0.910
            1.2837745         0.909
            1.2840954         0.907
            1.2844165         0.906
            1.2847376         0.906
            1.2850588         0.905
            1.2853800         0.904
            1.2857014         0.905
            1.2860228         0.902
            1.2863443         0.898
            1.2866659         0.896
            1.2869876         0.900
            1.2873093         0.898
            1.2876311         0.894
            1.2879530         0.891
            1.2882750         0.890
            1.2885971         0.887
            1.2889192         0.889
            1.2892415         0.886
            1.2895638         0.888
            1.2898862         0.886
            1.2902086         0.886
            1.2905312         0.885
            1.2908538         0.883
            1.2911765         0.881
            1.2914993         0.877
            1.2918222         0.880
            1.2921452         0.880
            1.2924682         0.879
            1.2927913         0.880
            1.2931145         0.881
            1.2934378         0.879
            1.2937612         0.876
            1.2940846         0.876
            1.2944081         0.876
            1.2947317         0.873
            1.2950554         0.870
            1.2953792         0.866
            1.2957030         0.870
            1.2960269         0.872
            1.2963509         0.870
            1.2966750         0.867
            1.2969992         0.863
            1.2973234         0.866
            1.2976478         0.870
            1.2979722         0.871
            1.2982967         0.872
            1.2986213         0.869
            1.2989459         0.863
            1.2992706         0.859
            1.2995955         0.860
            1.2999204         0.857
            1.3002453         0.854
            1.3005704         0.855
            1.3008956         0.859
            1.3012208         0.864
            1.3015461         0.864
            1.3018715         0.861
            1.3021969         0.858
            1.3025225         0.852
            1.3028481         0.845
            1.3031738         0.838
            1.3034996         0.835
            1.3038255         0.826
            1.3041515         0.831
            1.3044775         0.847
            1.3048036         0.852
            1.3051298         0.848
            1.3054561         0.847
            1.3057825         0.843
            1.3061089         0.825
            1.3064354         0.814
            1.3067620         0.826
            1.3070887         0.835
            1.3074155         0.829
            1.3077424         0.814
            1.3080693         0.823
            1.3083963         0.836
            1.3087234         0.833
            1.3090506         0.816
            1.3093778         0.797
            1.3097052         0.803
            1.3100326         0.804
            1.3103601         0.806
            1.3106877         0.820
            1.3110154         0.832
            1.3113431         0.831
            1.3116710         0.820
            1.3119989         0.807
            1.3123269         0.811
            1.3126550         0.809
            1.3129831         0.797
            1.3133114         0.776
            1.3136397         0.791
            1.3139681         0.815
            1.3142966         0.817
            1.3146252         0.819
            1.3149538         0.820
            1.3152826         0.821
            1.3156114         0.835
            1.3159403         0.848
            1.3162693         0.839
            1.3165984         0.818
            1.3169275         0.833
            1.3172567         0.860
            1.3175861         0.859
            1.3179155         0.842
            1.3182449         0.834
            1.3185745         0.839
            1.3189041         0.850
            1.3192339         0.851
            1.3195637         0.831
            1.3198936         0.810
            1.3202235         0.845
            1.3205536         0.870
            1.3208837         0.853
            1.3212140         0.843
            1.3215443         0.855
            1.3218746         0.855
            1.3222051         0.838
            1.3225357         0.808
            1.3228663         0.791
            1.3231970         0.804
            1.3235278         0.787
            1.3238587         0.759
            1.3241897         0.760
            1.3245207         0.758
            1.3248518         0.719
            1.3251830         0.680
            1.3255143         0.664
            1.3258457         0.645
            1.3261772         0.615
            1.3265087         0.577
            1.3268404         0.540
            1.3271721         0.520
            1.3275039         0.487
            1.3278357         0.442
            1.3281677         0.403
            1.3284997         0.376
            1.3288319         0.356
            1.3291641         0.347
            1.3294964         0.329
            1.3298287         0.300
            1.3301612         0.280
            1.3304937         0.253
            1.3308264         0.224
            1.3311591         0.204
            1.3314919         0.192
            1.3318247         0.175
            1.3321577         0.162
            1.3324907         0.161
            1.3328238         0.155
            1.3331570         0.138
            1.3334903         0.121
            1.3338237         0.118
            1.3341572         0.115
            1.3344907         0.107
            1.3348243         0.101
            1.3351580         0.093
            1.3354918         0.081
            1.3358257         0.073
            1.3361597         0.076
            1.3364937         0.071
            1.3368278         0.063
            1.3371620         0.057
            1.3374963         0.054
            1.3378307         0.053
            1.3381651         0.052
            1.3384997         0.048
            1.3388343         0.044
            1.3391690         0.042
            1.3395038         0.039
            1.3398387         0.032
            1.3401736         0.031
            1.3405087         0.032
            1.3408438         0.030
            1.3411790         0.028
            1.3415143         0.027
            1.3418497         0.027
            1.3421852         0.024
            1.3425207         0.023
            1.3428563         0.022
            1.3431921         0.020
            1.3435279         0.017
            1.3438637         0.014
            1.3441997         0.014
            1.3445358         0.015
            1.3448719         0.015
            1.3452081         0.013
            1.3455444         0.013
            1.3458808         0.012
            1.3462173         0.011
            1.3465538         0.011
            1.3468905         0.011
            1.3472272         0.008
            1.3475640         0.006
            1.3479009         0.006
            1.3482379         0.006
            1.3485749         0.007
            1.3489121         0.008
            1.3492493         0.008
            1.3495866         0.006
            1.3499240         0.004
            1.3502615         0.004
            1.3505990         0.005
            1.3509367         0.005
            1.3512744         0.004
            1.3516122         0.004
            1.3519501         0.004
            1.3522881         0.003
            1.3526262         0.003
            1.3529644         0.003
            1.3533026         0.003
            1.3536409         0.003
            1.3539793         0.001
            1.3543178         0.001
            1.3546564         0.001
            1.3549951         0.001
            1.3553338         0.001
            1.3556727         0.001
            1.3560116         0.002
            1.3563506         0.003
            1.3566897         0.001
            1.3570288         0.001
            1.3573681         0.001
            1.3577074         0.001
            1.3580469         0.001
            1.3583864         0.001
            1.3587260         0.001
            1.3590657         0.000
            1.3594054         0.001
            1.3597453         0.001
            1.3600852         0.001
            1.3604252         0.000
            1.3607653         0.000
            1.3611055         0.000
            1.3614458         0.000
            1.3617862         0.000
            1.3621266         0.000
            1.3624671         0.000
            1.3628078         0.001
            1.3631485         0.001
            1.3634892         0.001
            1.3638301         0.000
            1.3641711         0.000
            1.3645121         0.000
            1.3648532         0.000
            1.3651945         0.000
            1.3655358         0.001
            1.3658771         0.001
            1.3662186         0.002
            1.3665602         0.001
            1.3669018         0.000
            1.3672435         0.000
            1.3675853         0.000
            1.3679272         0.000
            1.3682692         0.000
            1.3686113         0.000
            1.3689534         0.001
            1.3692957         0.000
            1.3696380         0.000
            1.3699804         0.000
            1.3703229         0.000
            1.3706655         0.000
            1.3710082         0.000
            1.3713509         0.000
            1.3716937         0.000
            1.3720367         0.001
            1.3723797         0.001
            1.3727228         0.001
            1.3730660         0.001
            1.3734092         0.000
            1.3737526         0.000
            1.3740960         0.000
            1.3744395         0.001
            1.3747831         0.001
            1.3751268         0.001
            1.3754706         0.001
            1.3758145         0.001
            1.3761584         0.001
            1.3765025         0.000
            1.3768466         0.000
            1.3771908         0.000
            1.3775351         0.001
            1.3778795         0.000
            1.3782240         0.000
            1.3785685         0.000
            1.3789132         0.000
            1.3792579         0.001
            1.3796027         0.001
            1.3799476         0.000
            1.3802926         0.000
            1.3806377         0.000
            1.3809828         0.000
            1.3813281         0.000
            1.3816734         0.000
            1.3820188         0.000
            1.3823643         0.000
            1.3827099         0.000
            1.3830556         0.000
            1.3834014         0.000
            1.3837472         0.000
            1.3840932         0.000
            1.3844392         0.000
            1.3847853         0.000
            1.3851315         0.000
            1.3854778         0.000
            1.3858241         0.000
            1.3861706         0.000
            1.3865171         0.001
            1.3868638         0.000
            1.3872105         0.000
            1.3875573         0.000
            1.3879042         0.000
            1.3882511         0.000
            1.3885982         0.000
            1.3889454         0.000
            1.3892926         0.000
            1.3896399         0.000
            1.3899873         0.000
            1.3903348         0.000
            1.3906824        -0.000
            1.3910301         0.001
            1.3913778        -0.000
            1.3917257         0.000
            1.3920736         0.000
            1.3924216         0.000
            1.3927697         0.000
            1.3931179         0.000
            1.3934662        -0.000
            1.3938146        -0.000
            1.3941630         0.000
            1.3945116         0.000
            1.3948602        -0.000
            1.3952089        -0.000
            1.3955577         0.000
            1.3959066        -0.000
            1.3962556        -0.000
            1.3966046         0.000
            1.3969538         0.000
            1.3973030         0.001
            1.3976524         0.000
            1.3980018        -0.000
            1.3983513         0.000
            1.3987009         0.001
            1.3990505        -0.000
            1.3994003        -0.000
            1.3997502        -0.000
            1.4001001        -0.000
            1.4004501        -0.000
            1.4008002        -0.000
            1.4011504         0.000
            1.4015007         0.000
            1.4018511         0.000
            1.4022016         0.000
            1.4025521         0.000
            1.4029027         0.000
            1.4032535         0.000
            1.4036043         0.000
            1.4039552         0.000
            1.4043062        -0.000
            1.4046572        -0.000
            1.4050084         0.000
            1.4053597         0.000
            1.4057110         0.000
            1.4060624         0.000
            1.4064139         0.000
            1.4067655         0.000
            1.4071172        -0.000
            1.4074690         0.000
            1.4078209         0.000
            1.4081728        -0.001
            1.4085249        -0.000
            1.4088770        -0.000
            1.4092292        -0.000
            1.4095815         0.000
            1.4099339         0.000
            1.4102864         0.000
            1.4106390         0.000
            1.4109917         0.000
            1.4113444         0.000
            1.4116972         0.000
            1.4120502         0.000
            1.4124032        -0.000
            1.4127563         0.001
            1.4131095         0.000
            1.4134627         0.000
            1.4138161         0.000
            1.4141696         0.000
            1.4145231         0.000
            1.4148767        -0.000
            1.4152305        -0.000
            1.4155843        -0.000
            1.4159382        -0.000
            1.4162921        -0.000
            1.4166462         0.000
            1.4170004         0.000
            1.4173546         0.000
            1.4177090         0.000
            1.4180634        -0.000
            1.4184179        -0.000
            1.4187725         0.000
            1.4191272         0.000
            1.4194820         0.000
            1.4198369         0.000
            1.4201918         0.000
            1.4205469         0.000
            1.4209020        -0.000
            1.4212572         0.000
            1.4216125         0.000
            1.4219679         0.001
            1.4223234         0.000
            1.4226790         0.000
            1.4230347         0.000
            1.4233904         0.000
            1.4237463        -0.000
            1.4241022        -0.000
            1.4244583         0.001
            1.4248144         0.000
            1.4251706         0.000
            1.4255269         0.001
            1.4258832         0.000
            1.4262397         0.000
            1.4265963         0.000
            1.4269529        -0.000
            1.4273097         0.000
            1.4276665        -0.000
            1.4280234         0.000
            1.4283804         0.000
            1.4287375         0.001
            1.4290947        -0.000
            1.4294520         0.000
            1.4298093         0.001
            1.4301668        -0.000
            1.4305243         0.000
            1.4308820         0.000
            1.4312397         0.000
            1.4315975         0.000
            1.4319554         0.000
            1.4323134        -0.000
            1.4326715         0.000
            1.4330296         0.000
            1.4333879        -0.000
            1.4337462        -0.000
            1.4341047        -0.000
            1.4344632        -0.000
            1.4348218         0.000
            1.4351805         0.000
            1.4355393         0.001
            1.4358982         0.000
            1.4362572         0.000
            1.4366162         0.001
            1.4369754         0.000
            1.4373346        -0.000
            1.4376940         0.000
            1.4380534        -0.000
            1.4384129        -0.000
            1.4387725         0.000
            1.4391322         0.000
            1.4394920         0.000
            1.4398519         0.000
            1.4402118         0.001
            1.4405719         0.000
            1.4409320        -0.000
            1.4412922         0.000
            1.4416526        -0.000
            1.4420130         0.001
            1.4423735         0.000
            1.4427341         0.000
            1.4430948         0.001
            1.4434555         0.000
            1.4438164         0.001
            1.4441774         0.001
            1.4445384         0.001
            1.4448995        -0.001
            1.4452608         0.000
            1.4456221         0.000
            1.4459835         0.000
            1.4463450         0.000
            1.4467066         0.000
            1.4470682         0.000
            1.4474300         0.000
            1.4477919         0.000
            1.4481538         0.000
            1.4485158         0.000
            1.4488780        -0.001
            1.4492402         0.000
            1.4496025         0.000
            1.4499649         0.000
            1.4503274         0.000
            1.4506900         0.000
            1.4510526         0.000
            1.4514154        -0.000
            1.4517783         0.001
            1.4521412        -0.000
            1.4525042        -0.000
            1.4528674        -0.000
            1.4532306        -0.000
            1.4535939         0.001
            1.4539573         0.000
            1.4543208         0.000
            1.4546844        -0.000
            1.4550480        -0.000
            1.4554118         0.000
            1.4557757        -0.000
            1.4561396         0.000
            1.4565036         0.001
            1.4568678         0.001
            1.4572320         0.001
            1.4575963        -0.000
            1.4579607         0.000
            1.4583252        -0.000
            1.4586898         0.000
            1.4590544         0.001
            1.4594192        -0.000
            1.4597840        -0.000
            1.4601490         0.000
            1.4605140        -0.000
            1.4608792         0.000
            1.4612444        -0.000
            1.4616097        -0.001
            1.4619751        -0.000
            1.4623406         0.000
            1.4627062         0.000
            1.4630718         0.001
            1.4634376         0.000
            1.4638035         0.001
            1.4641694         0.001
            1.4645355         0.000
            1.4649016         0.000
            1.4652678         0.000
            1.4656341        -0.000
            1.4660005         0.000
            1.4663670         0.000
            1.4667336         0.000
            1.4671003         0.000
            1.4674671        -0.000
            1.4678340        -0.001
            1.4682009        -0.000
            1.4685680         0.000
            1.4689351         0.000
            1.4693023         0.001
            1.4696697        -0.000
            1.4700371         0.000
            1.4704046        -0.000
            1.4707722        -0.000
            1.4711399        -0.000
            1.4715077        -0.000
            1.4718756        -0.000
            1.4722435         0.000
            1.4726116         0.000
            1.4729797         0.000
            1.4733480         0.000
            1.4737163         0.000
            1.4740848         0.001
            1.4744533         0.000
            1.4748219        -0.000
            1.4751906        -0.000
            1.4755594         0.000
            1.4759283         0.000
            1.4762973         0.001
            1.4766663        -0.000
            1.4770355        -0.000
            1.4774048         0.000
            1.4777741         0.000
            1.4781436         0.001
            1.4785131        -0.000
            1.4788827        -0.001
            1.4792524         0.001
            1.4796223        -0.000
            1.4799922        -0.000
            1.4803622        -0.001
            1.4807322        -0.001
            1.4811024         0.001
            1.4814727         0.001
            1.4818431        -0.000
            1.4822135         0.001
            1.4825841         0.000
            1.4829547         0.000
            1.4833255         0.000
            1.4836963        -0.001
            1.4840672        -0.000
            1.4844382         0.001
            1.4848094        -0.000
            1.4851806        -0.000
            1.4855519         0.000
            1.4859232         0.000
            1.4862947        -0.000
            1.4866663         0.000
            1.4870380         0.001
            1.4874097         0.000
            1.4877816         0.001
            1.4881535        -0.000
            1.4885256        -0.000
            1.4888977         0.000
            1.4892699         0.001
            1.4896422        -0.000
            1.4900146         0.000
            1.4903871         0.000
            1.4907597        -0.000
            1.4911324         0.000
            1.4915052        -0.001
            1.4918781        -0.000
            1.4922511        -0.000
            1.4926241        -0.000
            1.4929973        -0.000
            1.4933705         0.001
            1.4937439         0.000
            1.4941173         0.000
            1.4944908         0.001
            1.4948645        -0.000
            1.4952382         0.000
            1.4956120         0.000
            1.4959859        -0.000
            1.4963599         0.000
            1.4967340         0.000
            1.4971082        -0.001
            1.4974824         0.001
            1.4978568         0.000
            1.4982313        -0.000
            1.4986058        -0.000
            1.4989805        -0.000
            1.4993552         0.000
            1.4997301        -0.001
