0 0
15000 -0.00069444
14998 -0.00072506
14996 -0.00036984
14994 -1.541e-05
14992 0.00013873
14990 -0.00016951
14988 -0.00049287
14986 -0.00018495
14984 0.00050875
14982 -0.00015428
14980 -0.00035484
14978 0.00064679
14976 0.00116987
14974 0.00083264
14972 -0.00067899
14970 -0.00083278
14968 -0.0001698
14966 0.00047825
14964 0.00064668
14962 0
14960 -0.00050923
14958 -0.00066255
14956 0.00018469
14954 0.00084571
14952 0
14950 -0.00103165
14948 -0.00021543
14946 0.00066053
14944 0.00086
14942 0.00033812
14940 -0.00018462
14938 0.00015395
14936 0.00049305
14934 0.00130868
14932 0.00064638
14930 -0.00018475
14928 -0.00020046
14926 -4.63e-05
14924 -3.088e-05
14922 -0.00032399
14920 -0.00015391
14918 -0.0001539
14916 -0.00098672
14914 -0.00018493
14912 0.00078657
14910 -0.00016995
14908 -0.00046238
14906 -1.538e-05
14904 0.00010773
14902 0.00030722
14900 0.00030713
14898 -0.00050765
14896 -0.00033812
14894 0.0004614
14892 0.00096857
14890 0.00081497
14888 1.54e-05
14886 -0.00016945
14884 0.00010787
14882 -6.171e-05
14880 -0.00038615
14878 0.00066369
14876 0.0005394
14874 0.00015402
14872 0.0004466
14870 0.00061563
14868 0.0006156
14866 0.00012326
14864 -0.00020039
14862 -0.00049332
14860 4.618e-05
14858 0.00067671
14856 0.00029249
14854 -4.623e-05
14852 -0.00033923
14850 -0.00016948
14848 -4.625e-05
14846 -6.174e-05
14844 0.00077104
14842 0.00027744
14840 -0.00053991
14838 -0.00070843
14836 -0.00053856
14834 -0.00020059
14832 0.00044733
14830 0.00016918
14828 0.00015392
14826 0.00049297
14824 0.00066117
14822 0.00061568
14820 -0.00020011
14818 -3.075e-05
14816 0.00095478
14814 0.00112403
14812 0.00113741
14810 0.00084563
14808 -0.00046163
14806 -0.00096894
14804 -0.0006775
14802 -0.00067816
14800 -0.00063186
14798 -0.00046221
14796 -0.00016923
14794 0.00096807
14792 0.00084487
14790 -0.00063088
14788 -0.00118581
14786 -0.00070747
14784 0.0006151
14782 0.00095416
14780 1.538e-05
14778 0.00050752
14776 0.00035416
14774 0.00015384
14772 0.00013873
14770 -0.0003244
14768 -1.543e-05
14766 -1.542e-05
14764 0.00113881
14762 0.00095236
14760 -3.075e-05
14758 0.0007843
14756 0.00044547
14754 -3.073e-05
14752 -0.00015351
14750 -0.00081416
14748 -0.00019981
14746 1.536e-05
14744 0.00018456
14742 0.00124714
14740 0.00107739
14738 0.00044715
14736 0.00060131
14734 0.00043124
14732 -4.622e-05
14730 0.00029247
14728 -0.00049241
14726 0.00064577
14724 0.00156776
14722 0.0001692
14720 0.0001692
14718 -0.00047653
14716 -0.00066111
14714 -6.157e-05
14712 -6.152e-05
14710 -0.00083032
14708 -0.00083141
14706 -1.539e-05
14704 -0.00015371
14702 0.0004604
14700 0.00049149
14698 -0.00047655
14696 0.00013842
14694 0.00113859
14692 0.00116742
14690 0.00079849
14688 0.0001539
14686 0.00047693
14684 0.00043054
14682 -0.00018501
14680 -0.00046284
14678 -0.00095642
14676 -0.00067933
14674 -3.081e-05
14672 0.00044617
14670 0.00047677
14668 0.00030772
14666 0.00027714
14664 0.0002773
14662 -3.081e-05
14660 0.00029231
14658 0.00046152
14656 -0.00047719
14654 0.00012321
14652 0.00027727
14650 -0.0003393
14648 0.00046273
14646 0.00061639
14644 -0.00032372
14642 0.00064714
14640 0.00187505
14638 0.00090736
14636 0.0002773
14634 0.0005853
14632 0.0007393
14630 0.0007384
14628 0.00029227
14626 -0.00013847
14624 0.00032264
14622 0.00027667
14620 -1.538e-05
14618 -0.000446
14616 -0.00077014
14614 -0.0002926
14612 -0.00012315
14610 0.00046229
14608 0.00033874
14606 -0.00013848
14604 -3.083e-05
14602 0.00012326
14600 0.0003076
14598 -0.00013857
14596 -0.00044684
14594 -0.00030799
14592 0.00029289
14590 0.00073976
14588 0.00072338
14586 0.00029297
14584 -0.00032386
14582 -0.00018475
14580 0.00013867
14578 -0.00013883
14576 -0.00046265
14574 -0.00015404
14572 0.00090975
14570 0.00087926
14568 0.00103088
14566 0.00090739
14564 0.00075288
14562 0.0006149
14560 -0.00044657
14558 -0.00049306
14556 -0.00035461
14554 0.0001078
14552 0
14550 -0.00041527
14548 -0.00013855
14546 -0.00013856
14544 3.079e-05
14542 0.00044639
14540 0.00027698
14538 0.00041557
14536 0.00103062
14534 0.00061463
14532 -0.00015391
14530 -0.00044639
14528 -0.00015376
14526 0.00027671
14524 -0.00046136
14522 -0.0007691
14520 0.00056843
14518 0.00087484
14516 0.00029174
14514 -0.0001384
14512 0.00044568
14510 0.00072216
14508 0.00041519
14506 0.00070714
14504 0.00010752
14502 0.00010752
14500 0.00010773
14498 -0.00016942
14496 0.00059981
14494 0.00032327
14492 0
14490 -0.00030719
14488 -0.00073848
14486 3.076e-05
14484 0.00090575
14482 0.00053836
14480 -0.00021529
14478 9.223e-05
14476 -0.00016939
14474 0.00039965
14472 0.00067532
14470 -1.538e-05
14468 0.00013851
14466 0.00056859
14464 0.00069181
14462 0.00026168
14460 0.00026173
14458 0.0005693
14456 0.00043048
14454 0.00039972
14452 -0.00015405
14450 -0.00100288
14448 -0.0007404
14446 0.00055427
14444 0.00101552
14442 0.00069213
14440 0.00084486
14438 0.00069234
14436 0.00013853
14434 0.00043028
14432 0.00127448
14430 0.00099628
14428 0.00013801
14426 0.00013815
14424 0
14422 0.00027697
14420 0.00096934
14418 9.229e-05
14416 -0.00090811
14414 0.00026154
14412 0.00081477
14410 -0.00018479
14408 -0.00030851
14406 -1.542e-05
14404 0.00084798
14402 0.00097198
14400 0.00038566
14398 0.00055438
14396 0.00083113
14394 0.00041562
14392 0.00027742
14390 0.00026207
14388 0.00012314
14386 0.00012311
14384 -3.079e-05
14382 -0.00016932
14380 -3.079e-05
14378 0.00024635
14376 -0.00013855
14374 -0.00015395
14372 0.00010769
14370 0.00053719
14368 0.00081325
14366 0.00087466
14364 0.00085812
14362 0.00039911
14360 0.00010786
14358 0.00036931
14356 0.00096638
14354 0.00041456
14352 0
14350 0.00030672
14348 0.00043029
14346 0.00012297
14344 -0.00041561
14342 -1.542e-05
14340 -1.54e-05
14338 0
14336 -0.00013873
14334 -0.00041604
14332 -0.00029217
14330 0.00012328
14328 0.00037038
14326 -4.627e-05
14324 -0.00015397
14322 0.00012297
14320 0.00039879
14318 0.00055207
14316 0.00069062
14314 0.00067546
14312 0.000538
14310 0
14308 0.00029154
14306 0.00055337
14304 -0.00013846
14302 -0.00016922
14300 -1.541e-05
14298 0.00112494
14296 0.00152509
14294 0.00035461
14292 -0.0001697
14290 -0.00027747
14288 0.00052336
14286 0.00135334
14284 0.000292
14282 -0.00067729
14280 0.00027727
14278 0.00012332
14276 -0.00013869
14274 0.0011076
14272 0.00024632
14270 -0.00043078
14268 0.00053842
14266 0.00040025
14264 0.00040001
14262 0.00039985
14260 0.00013848
14258 -1.537e-05
14256 0.00082832
14254 0.0015034
14252 0.00079812
14250 0.00023052
14248 0.00012304
14246 0.00082988
14244 0.0013675
14242 0.00029179
14240 -0.00083028
14238 -0.0003078
14236 0.00052304
14234 0.00039998
14232 0.00067732
14230 0.00052364
14228 0.00012316
14226 0.00012321
14224 0.00013873
14222 0.00081748
14220 0.0010818
14218 0.00066466
14216 0.00024706
14214 -1.542e-05
14212 0.00026148
14210 0
14208 -0.00040009
14206 0
14204 0.001136
14202 0.00087609
14200 -0.00027734
14198 0.00012312
14196 0.00053848
14194 0.00067721
14192 0.00083127
14190 0.00016925
14188 0.00016888
14186 0.00015362
14184 -0.00015371
14182 -0.00029231
14180 0
14178 0.00041548
14176 0
14174 0.00041594
14172 0.00053945
14170 0.00040086
14168 0.00043137
14166 0.000277
14164 0.00010768
14162 -0.00016917
14160 -0.00018488
14158 -0.00018508
14156 -0.00041665
14154 -0.00029285
14152 -0.0003235
14150 -0.00073851
14148 -0.00047639
14146 0.00053782
14144 0.00042966
14142 0
14140 0.00087246
14138 0.0014833
14136 0.00072006
14134 -0.00029127
14132 -0.00016906
14130 0.00129504
14128 0.00146597
14126 0.00027784
14124 -0.00013898
14122 0
14120 0.00055582
14118 0.00044645
14116 0.00030742
14114 0.00041475
14112 0.00041444
14110 0.00041492
14108 0.00027643
14106 0.00026107
14104 -1.539e-05
14102 0.00055383
14100 0.00055328
14098 -1.538e-05
14096 0.00026147
14094 -0.00016884
14092 -0.00050654
14090 9.2e-05
14088 -0.00013782
14086 1.535e-05
14084 -0.00029224
14082 -0.00104899
14080 -0.00029415
14078 0.0001239
14076 0.00055724
14074 0.00029425
14072 -0.00029431
14070 0.0004014
14068 0.00067779
14066 0.00113896
14064 0.00084563
14062 -0.00021534
14060 0.00010775
14058 0.00027731
14056 0.00012347
14054 0.00012358
14052 0.00041596
14050 -1.535e-05
14048 -0.00075111
14046 -0.00064193
14044 -0.00018299
14042 0
14040 0.00032047
14038 0.00044387
14036 0.00100029
14034 0.00084851
14032 0.00024772
14030 0.00038901
14028 -4.656e-05
14026 -3.097e-05
14024 0.00026281
14022 0.00012342
14020 -0.00044709
14018 0.00026139
14016 0.00069069
14014 0.00012279
14012 0.00053702
14010 0.00053585
14008 -3.065e-05
14006 -0.00058277
14004 -0.00039985
14002 1.538e-05
14000 -0.00013817
13998 -0.00046159
13996 0.00043009
13994 -1.536e-05
13992 -0.00107966
13990 0.00027806
13988 0.00131361
13986 0.00131282
13984 0.00070724
13982 0
13980 -0.00013926
13978 0.00013876
13976 0.00097182
13974 0.00154097
13972 0.00099826
13970 0.0002759
13968 -0.00030649
13966 0.00024497
13964 0.00070526
13962 -0.00041472
13960 -0.00058291
13958 0.00043002
13956 0.00043097
13954 0.00013896
13952 -0.00015416
13950 -0.0007399
13948 -0.00015439
13946 0.00012357
13944 0.00012362
13942 0.00058591
13940 -0.00015456
13938 -0.00075731
13936 -0.00046384
13934 -0.00018612
13932 0.00024808
13930 0.00026345
13928 0.00038652
13926 0.00067862
13924 0.0011224
13922 0.00085791
13920 -0.0001068
13918 0.00019799
13916 0.00013718
13914 -0.00018317
13912 0.00120767
13910 0.00150479
13908 -0.00016931
13906 -0.00062931
13904 0.00036994
13902 0.00055691
13900 0.00041682
13898 0.00067759
13896 0.00024587
13894 0.00052165
13892 0.00096557
13890 0.00067452
13888 0.00039968
13886 0.00040054
13884 0.00026137
13882 0.00072232
13880 0.00087424
13878 0.00027568
13876 0.0001538
13874 1.539e-05
13872 0.00060046
13870 0.00044788
13868 0.00089644
13866 0.00194723
13864 0.00165605
13862 0.00119245
13860 0.00101946
13858 0.00144592
13856 0.00144206
13854 0.00082785
13852 0.00113128
13850 0.00145175
13848 0.00044335
13846 -0.00016873
13844 0.00087728
13842 0.00087701
13840 0.0002933
13838 0.00139173
13836 0.00165545
13834 0.00088249
13832 0.00089703
13830 0.00106515
13828 0.00027854
13826 0.00029252
13824 9.196e-05
13822 0.00042831
13820 0.00112833
13818 0.00172405
13816 0.00154648
13814 -4.624e-05
13812 0.00029314
13810 0.00080278
13808 0.00060245
13806 0.00109294
13804 0.00098041
13802 0.00064207
13800 0.00128268
13798 0.00232111
13796 0.00199485
13794 0.00146955
13792 0.00128915
13790 0.00124291
13788 0.00088846
13786 0.00071747
13784 0.00118139
13782 0.00044903
13780 0.00046305
13778 0.00120114
13776 0.00167574
13774 0.00120116
13772 0.0007092
13770 0.00118721
13768 0.00151194
13766 0.00103188
13764 0.00104526
13762 0.0016586
13760 0.00164256
13758 0.00197716
13756 0.00154801
13754 0.00118324
13752 0.00150678
13750 0.00133813
13748 0.00130724
13746 0.00210188
13744 0.00227068
13742 0.00104493
13740 0.00010757
13738 0.00073752
13736 0.00169077
13734 0.00073838
13732 0.00133921
13730 0.00212336
13728 0.00152261
13726 0.00198487
13724 0.00198397
13722 0.00186153
13720 0.0020158
13718 0.00215261
13716 0.00183044
13714 0.00104658
13712 0.00187528
13710 0.00287169
13708 0.00254731
13706 0.00139898
13704 0.00059985
13702 0.00130629
13700 0.00266314
13698 0.0028169
13696 0.00212588
13694 0.0017753
13692 0.00194911
13690 0.00193497
13688 0.00193331
13686 0.00174214
13684 0.00121449
13682 0.00176352
13680 0.00177361
13678 0.00212046
13676 0.00338729
13674 0.00375757
13672 0.0020028
13670 0.00058381
13668 0.00213815
13666 0.00318915
13664 0.00351844
13662 0.00412229
13660 0.00328614
13658 0.00343941
13656 0.00370815
13654 0.00301844
13652 0.0030325
13650 0.00270339
13648 0.00325395
13646 0.00397605
13644 0.00313245
13642 0.00298648
13640 0.00321672
13638 0.00271947
13636 0.00301773
13634 0.00265466
13632 0.00212614
13630 0.00296413
13628 0.0032408
13626 0.00318025
13624 0.00347476
13622 0.00344196
13620 0.00346284
13618 0.00336201
13616 0.00393816
13614 0.00310532
13612 0.00317407
13610 0.00374324
13608 0.00322647
13606 0.00394331
13604 0.00428184
13602 0.00372697
13600 0.00314461
13598 0.00423607
13596 0.00499369
13594 0.00425767
13592 0.00311436
13590 0.00282358
13588 0.00393544
13586 0.00487644
13584 0.00536303
13582 0.00549469
13580 0.00432911
13578 0.00383314
13576 0.00442804
13574 0.0042643
13572 0.00392197
13570 0.00360843
13568 0.00343722
13566 0.0049856
13564 0.0063942
13562 0.00591239
13560 0.00498902
13558 0.00484634
13556 0.00467845
13554 0.00467838
13552 0.0051629
13550 0.00529692
13548 0.00563521
13546 0.00583118
13544 0.00599079
13542 0.00567791
13540 0.00538187
13538 0.00552994
13536 0.00611649
13534 0.00636732
13532 0.00706116
13530 0.00746919
13528 0.00727278
13526 0.00708885
13524 0.00690182
13522 0.00718401
13520 0.00671842
13518 0.00655249
13516 0.00697468
13514 0.00770249
13512 0.00810228
13510 0.00808018
13508 0.00776977
13506 0.00778387
13504 0.00877048
13502 0.00916034
13500 0.00883905
13498 0.00895855
13496 0.00927544
13494 0.00937155
13492 0.00976209
13490 0.0100334
13488 0.0104669
13486 0.0114513
13484 0.0114327
13482 0.0112797
13480 0.0115582
13478 0.0119633
13476 0.0119807
13474 0.0124207
13472 0.0128347
13470 0.0125941
13468 0.0133048
13466 0.013821
13464 0.0142226
13462 0.01446
13460 0.0149416
13458 0.0160553
13456 0.0160054
13454 0.0159299
13452 0.0162012
13450 0.0161708
13448 0.0175242
13446 0.0188963
13444 0.0191708
13442 0.0195915
13440 0.0202911
13438 0.0208509
13436 0.021963
13434 0.0220801
13432 0.021784
13430 0.0230541
13428 0.0238462
13426 0.0243707
13424 0.0258582
13422 0.0262969
13420 0.0265735
13418 0.0286872
13416 0.0297219
13414 0.0301674
13412 0.0315594
13410 0.032713
13408 0.0337927
13406 0.0348687
13404 0.0366236
13402 0.038232
13400 0.0385455
13398 0.039441
13396 0.0414462
13394 0.0433435
13392 0.0453621
13390 0.0467642
13388 0.0487555
13386 0.0511276
13384 0.0525558
13382 0.0550247
13380 0.0567251
13378 0.0589555
13376 0.061786
13374 0.0638772
13372 0.0667024
13370 0.0694598
13368 0.0721236
13366 0.0745535
13364 0.0776551
13362 0.0814532
13360 0.0828014
13358 0.0855923
13356 0.0912243
13354 0.0947733
13352 0.0985753
13350 0.103837
13348 0.108343
13346 0.112947
13344 0.118147
13342 0.122593
13340 0.127358
13338 0.134145
13336 0.14032
13334 0.146197
13332 0.153587
13330 0.159748
13328 0.167203
13326 0.175528
13324 0.182704
13322 0.191228
13320 0.200136
13318 0.208581
13316 0.218514
13314 0.229322
13312 0.238996
13310 0.249609
13308 0.263486
13306 0.274802
13304 0.284954
13302 0.299006
13300 0.31086
13298 0.32469
13296 0.341527
13294 0.353852
13292 0.368782
13290 0.385848
13288 0.400825
13286 0.418871
13284 0.436789
13282 0.452663
13280 0.468159
13278 0.486397
13276 0.505991
13274 0.523869
13272 0.543777
13270 0.56109
13268 0.57918
13266 0.600329
13264 0.616274
13262 0.631387
13260 0.648447
13258 0.666387
13256 0.685237
13254 0.701279
13252 0.718288
13250 0.734425
13248 0.747548
13246 0.764262
13244 0.777435
13242 0.786793
13240 0.799244
13238 0.812566
13236 0.823458
13234 0.832961
13232 0.842122
13230 0.849135
13228 0.856119
13226 0.865422
13224 0.870822
13222 0.87514
13220 0.879649
13218 0.882193
13216 0.885453
13214 0.889591
13212 0.891777
13210 0.893304
13208 0.895986
13206 0.895822
13204 0.895271
13202 0.89503
13200 0.893993
13198 0.892558
13196 0.89374
13194 0.891305
13192 0.888254
13190 0.888232
13188 0.88606
13186 0.882548
13184 0.881804
13182 0.881782
13180 0.879268
13178 0.87663
13176 0.873228
13174 0.87076
13172 0.869602
13170 0.867324
13168 0.865038
13166 0.863524
13164 0.86223
13162 0.859718
13160 0.857481
13158 0.856424
13156 0.853136
13154 0.850516
13152 0.850097
13150 0.848224
13148 0.847549
13146 0.847239
13144 0.844578
13142 0.843578
13140 0.842916
13138 0.840555
13136 0.838935
13134 0.838457
13132 0.837922
13130 0.837447
13128 0.835599
13126 0.835506
13124 0.835365
13122 0.833739
13120 0.83309
13118 0.834216
13116 0.835641
13114 0.834686
13112 0.834995
13110 0.835516
13108 0.833982
13106 0.834696
13104 0.837155
13102 0.837208
13100 0.838056
13098 0.839594
13096 0.838983
13094 0.838286
13092 0.837832
13090 0.837269
13088 0.838294
13086 0.840985
13084 0.841774
13082 0.841763
13080 0.842718
13078 0.843735
13076 0.842571
13074 0.843848
13072 0.844856
13070 0.845161
13068 0.847961
13066 0.846905
13064 0.847849
13062 0.84935
13060 0.848665
13058 0.850314
13056 0.852439
13054 0.853522
13052 0.853937
13050 0.855104
13048 0.855356
13046 0.855614
13044 0.857653
13042 0.858636
13040 0.858575
13038 0.859251
13036 0.859425
13034 0.859403
13032 0.860276
13030 0.86055
13028 0.861635
13026 0.863641
13024 0.864785
13022 0.866397
13020 0.865765
13018 0.864739
13016 0.864971
13014 0.865585
13012 0.867498
13010 0.867895
13008 0.868969
13006 0.869248
13004 0.868368
13002 0.867951
13000 0.867998
12998 0.869212
12996 0.869363
12994 0.869769
12992 0.870298
12990 0.869459
12988 0.869379
12986 0.869987
12984 0.872409
12982 0.873857
12980 0.872899
12978 0.87323
12976 0.873773
12974 0.873401
12972 0.873599
12970 0.874332
12968 0.874493
12966 0.874875
12964 0.873985
12962 0.874446
12960 0.875143
12958 0.874504
12956 0.873983
12954 0.872697
12952 0.87341
12950 0.875615
12948 0.875206
12946 0.875621
12944 0.87738
12942 0.877275
12940 0.876735
12938 0.877503
12936 0.879619
12934 0.880817
12932 0.881279
12930 0.881999
12928 0.881472
12926 0.880788
12924 0.880301
12922 0.881448
12920 0.884009
12918 0.883915
12916 0.882874
12914 0.884662
12912 0.88503
12910 0.883184
12908 0.885085
12906 0.885961
12904 0.885324
12902 0.887211
12900 0.887518
12898 0.887293
12896 0.889019
12894 0.887864
12892 0.887766
12890 0.891578
12888 0.891839
12886 0.891691
12884 0.894097
12882 0.893795
12880 0.893363
12878 0.894771
12876 0.895553
12874 0.896918
12872 0.900563
12870 0.901138
12868 0.897884
12866 0.898295
12864 0.900065
12862 0.900626
12860 0.903189
12858 0.905643
12856 0.905812
12854 0.904261
12852 0.903453
12850 0.905015
12848 0.907117
12846 0.908355
12844 0.910296
12842 0.911427
12840 0.911399
12838 0.911025
12836 0.910111
12834 0.911598
12832 0.913603
12830 0.914252
12828 0.915752
12826 0.915288
12824 0.913936
12822 0.914257
12820 0.914722
12818 0.917231
12816 0.920178
12814 0.920872
12812 0.921307
12810 0.921005
12808 0.920183
12806 0.919671
12804 0.921048
12802 0.923972
12800 0.925579
12798 0.925857
12796 0.92498
12794 0.924538
12792 0.925511
12790 0.925638
12788 0.925669
12786 0.928902
12784 0.929458
12782 0.927737
12780 0.928482
12778 0.928066
12776 0.927161
12774 0.930125
12772 0.9312
12770 0.929768
12768 0.930352
12766 0.92918
12764 0.927386
12762 0.929309
12760 0.929434
12758 0.928244
12756 0.931791
12754 0.932475
12752 0.931992
12750 0.933133
12748 0.930715
12746 0.929698
12744 0.931858
12742 0.932227
12740 0.932868
12738 0.935175
12736 0.932734
12734 0.930129
12732 0.93098
12730 0.929506
12728 0.929655
12726 0.933012
12724 0.932747
12722 0.931635
12720 0.932258
12718 0.930905
12716 0.929916
12714 0.930157
12712 0.929553
12710 0.92958
12708 0.929593
12706 0.928059
12704 0.927583
12702 0.928298
12700 0.928012
12698 0.92669
12696 0.926199
12694 0.927943
12692 0.927857
12690 0.926741
12688 0.92621
12686 0.924506
12684 0.92482
12682 0.924487
12680 0.923092
12678 0.923075
12676 0.923304
12674 0.921814
12672 0.921093
12670 0.920933
12668 0.919645
12666 0.918485
12664 0.919155
12662 0.918273
12660 0.917933
12658 0.920357
12656 0.918711
12654 0.91575
12652 0.916168
12650 0.914747
12648 0.912805
12646 0.915259
12644 0.914652
12642 0.912894
12640 0.913265
12638 0.911251
12636 0.908781
12634 0.910467
12632 0.909004
12630 0.906015
12628 0.909042
12626 0.908339
12624 0.904303
12622 0.90555
12620 0.904219
12618 0.901933
12616 0.903761
12614 0.902031
12612 0.900817
12610 0.902117
12608 0.899818
12606 0.897979
12604 0.897849
12602 0.896147
12600 0.89545
12598 0.897296
12596 0.896638
12594 0.893973
12592 0.8931
12590 0.892228
12588 0.89149
12586 0.891111
12584 0.88906
12582 0.888037
12580 0.888862
12578 0.887448
12576 0.88495
12574 0.883662
12572 0.883488
12570 0.881932
12568 0.881453
12566 0.881718
12564 0.880232
12562 0.878939
12560 0.877643
12558 0.877804
12556 0.878807
12554 0.877869
12552 0.876707
12550 0.876367
12548 0.875334
12546 0.873469
12544 0.872369
12542 0.872885
12540 0.871381
12538 0.869816
12536 0.871631
12534 0.870985
12532 0.870805
12530 0.870599
12528 0.868992
12526 0.867738
12524 0.866628
12522 0.865352
12520 0.864365
12518 0.866214
12516 0.865657
12514 0.863505
12512 0.864007
12510 0.863627
12508 0.862243
12506 0.863471
12504 0.862041
12502 0.860551
12500 0.862864
12498 0.861183
12496 0.859591
12494 0.862204
12492 0.861157
12490 0.85951
12488 0.860686
12486 0.860203
12484 0.859553
12482 0.860492
12480 0.860027
12478 0.85831
12476 0.859852
12474 0.860269
12472 0.860257
12470 0.862642
12468 0.860427
12466 0.858766
12464 0.859722
12462 0.859293
12460 0.859811
12458 0.860469
12456 0.860407
12454 0.859868
12452 0.859022
12450 0.857692
12448 0.857359
12446 0.8599
12444 0.861757
12442 0.860938
12440 0.86077
12438 0.860641
12436 0.858927
12434 0.859248
12432 0.861143
12430 0.861291
12428 0.861209
12426 0.862601
12424 0.863223
12422 0.863135
12420 0.861986
12418 0.86083
12416 0.862063
12414 0.864513
12412 0.864071
12410 0.863114
12408 0.865303
12406 0.864606
12404 0.861821
12402 0.863707
12400 0.864806
12398 0.864446
12396 0.866315
12394 0.864771
12392 0.862064
12390 0.863319
12388 0.862592
12386 0.860972
12384 0.86476
12382 0.864947
12380 0.863105
12378 0.864518
12376 0.863302
12374 0.86078
12372 0.862581
12370 0.862862
12368 0.862143
12366 0.865415
12364 0.86295
12362 0.859895
12360 0.862613
12358 0.860469
12356 0.856762
12354 0.85941
12352 0.861226
12350 0.859756
12348 0.860023
12346 0.858794
12344 0.856091
12342 0.856888
12340 0.857691
12338 0.855998
12336 0.855978
12334 0.85609
12332 0.854548
12330 0.852737
12328 0.851159
12326 0.849972
12324 0.849701
12322 0.850563
12320 0.849393
12318 0.847494
12316 0.847487
12314 0.845349
12312 0.842605
12310 0.843191
12308 0.842493
12306 0.842566
12304 0.844236
12302 0.842315
12300 0.839915
12298 0.839103
12296 0.836958
12294 0.83512
12292 0.836152
12290 0.836554
12288 0.8356
12286 0.834436
12284 0.832325
12282 0.829136
12280 0.830586
12278 0.831583
12276 0.829976
12274 0.830984
12272 0.830016
12270 0.828267
12268 0.827802
12266 0.825961
12264 0.824184
12262 0.826832
12260 0.827149
12258 0.824361
12256 0.824072
12254 0.822973
12252 0.821196
12250 0.821314
12248 0.820551
12246 0.819217
12244 0.820461
12242 0.819792
12240 0.818601
12238 0.820426
12236 0.818628
12234 0.816442
12232 0.817283
12230 0.819315
12228 0.820139
12226 0.819715
12224 0.818325
12222 0.817584
12220 0.818945
12218 0.82023
12216 0.82058
12214 0.820652
12212 0.820921
12210 0.820925
12208 0.821203
12206 0.821137
12204 0.821649
12202 0.822712
12200 0.824782
12198 0.824606
12196 0.824458
12194 0.824536
12192 0.823141
12190 0.824525
12188 0.828246
12186 0.829249
12184 0.827777
12182 0.830375
12180 0.832233
12178 0.832157
12176 0.833174
12174 0.833924
12172 0.835428
12170 0.837945
12168 0.839474
12166 0.840079
12164 0.840966
12162 0.840481
12160 0.842149
12158 0.845688
12156 0.846976
12154 0.848021
12152 0.850654
12150 0.849831
12148 0.850078
12146 0.852223
12144 0.852464
12142 0.854107
12140 0.857394
12138 0.858459
12136 0.858275
12134 0.860091
12132 0.860149
12130 0.860283
12128 0.864262
12126 0.866126
12124 0.865943
12122 0.869336
12120 0.869746
12118 0.86836
12116 0.871163
12114 0.871589
12112 0.870992
12110 0.874296
12108 0.875034
12106 0.873495
12104 0.875412
12102 0.876396
12100 0.876465
12098 0.878498
12096 0.878915
12094 0.878844
12092 0.879375
12090 0.878426
12088 0.876833
12086 0.877927
12084 0.878009
12082 0.877206
12080 0.877328
12078 0.877975
12076 0.877726
12074 0.876703
12072 0.875736
12070 0.875672
12068 0.877119
12066 0.87673
12064 0.873787
12062 0.873113
12060 0.875283
12058 0.872056
12056 0.869529
12054 0.871647
12052 0.87019
12050 0.868038
12048 0.867831
12046 0.865613
12044 0.864163
12042 0.864118
12040 0.861308
12038 0.859949
12036 0.862338
12034 0.860778
12032 0.856555
12030 0.857392
12028 0.856132
12026 0.852026
12024 0.852636
12022 0.852287
12020 0.849893
12018 0.848825
12016 0.846345
12014 0.843891
12012 0.84419
12010 0.84303
12008 0.840472
12006 0.84082
12004 0.840233
12002 0.836882
12000 0.836008
11998 0.835315
11996 0.833111
11994 0.833997
11992 0.833409
11990 0.830873
11988 0.830149
11986 0.8287
11984 0.826843
11982 0.827111
11980 0.826067
11978 0.824039
11976 0.825514
11974 0.825257
11972 0.823472
11970 0.822875
11968 0.822119
11966 0.820256
11964 0.820881
11962 0.82243
11960 0.821748
11958 0.821515
11956 0.819652
11954 0.818231
11952 0.818327
11950 0.819381
11948 0.81808
11946 0.817337
11944 0.818723
11942 0.81829
11940 0.817862
11938 0.818933
11936 0.818101
11934 0.817395
11932 0.818466
11930 0.817586
11928 0.818032
11926 0.820751
11924 0.820375
11922 0.817939
11920 0.818549
11918 0.819013
11916 0.819092
11914 0.820029
11912 0.820667
11910 0.820968
11908 0.820742
11906 0.819464
11904 0.819069
11902 0.820615
11900 0.820751
11898 0.820584
11896 0.8224
11894 0.821845
11892 0.819929
11890 0.820204
11888 0.819171
11886 0.817429
11884 0.820146
11882 0.821205
11880 0.819332
11878 0.820521
11876 0.820743
11874 0.818511
11872 0.817636
11870 0.81528
11868 0.813539
11866 0.816118
11864 0.816356
11862 0.813423
11860 0.812629
11858 0.811786
11856 0.809854
11854 0.80938
11852 0.808172
11850 0.808015
11848 0.807932
11846 0.806271
11844 0.803105
11842 0.801596
11840 0.801806
11838 0.801405
11836 0.801924
11834 0.802409
11832 0.801538
11830 0.799014
11828 0.797933
11826 0.79607
11824 0.793451
11822 0.793223
11820 0.792675
11818 0.791515
11816 0.791765
11814 0.790595
11812 0.789083
11810 0.789307
11808 0.788165
11806 0.787141
11804 0.787971
11802 0.788289
11800 0.787526
11798 0.787348
11796 0.785985
11794 0.784135
11792 0.785177
11790 0.786008
11788 0.786348
11786 0.787391
11784 0.788196
11782 0.78842
11780 0.789868
11778 0.790171
11776 0.789977
11774 0.79256
11772 0.794249
11770 0.794974
11768 0.796568
11766 0.799866
11764 0.801727
11762 0.802651
11760 0.804713
11758 0.806574
11756 0.810057
11754 0.813231
11752 0.814276
11750 0.817037
11748 0.819408
11746 0.818939
11744 0.821628
11742 0.825071
11740 0.827101
11738 0.828771
11736 0.829586
11734 0.830248
11732 0.831691
11730 0.832028
11728 0.83136
11726 0.831955
11724 0.831301
11722 0.829974
11720 0.828245
11718 0.825682
11716 0.82087
11714 0.816357
11712 0.812978
11710 0.809894
11708 0.80457
11706 0.796401
11704 0.787031
11702 0.776602
11700 0.766848
11698 0.755702
11696 0.743513
11694 0.73191
11692 0.718613
11690 0.706343
11688 0.692703
11686 0.67237
11684 0.655371
11682 0.639837
11680 0.620486
11678 0.605254
11676 0.587747
11674 0.567954
11672 0.551418
11670 0.530948
11668 0.510926
11666 0.490555
11664 0.473209
11662 0.45798
11660 0.437186
11658 0.42126
11656 0.4042
11654 0.386052
11652 0.372375
11650 0.354057
11648 0.338124
11646 0.323266
11644 0.306815
11642 0.293732
11640 0.280951
11638 0.268726
11636 0.254804
11634 0.241692
11632 0.230656
11630 0.21963
11628 0.210394
11626 0.200925
11624 0.19054
11622 0.182515
11620 0.174978
11618 0.165266
11616 0.157794
11614 0.150202
11612 0.14193
11610 0.136527
11608 0.130165
11606 0.123147
11604 0.118683
11602 0.113473
11600 0.107165
11598 0.102811
11596 0.0983743
11594 0.0927834
11592 0.0889883
11590 0.085807
11588 0.0808897
11586 0.0776362
11584 0.0751343
11582 0.0711182
11580 0.0687127
11578 0.0658918
11576 0.0620834
11574 0.0594113
11572 0.0566471
11570 0.0546208
11568 0.0523972
11566 0.0497364
11564 0.0478204
11562 0.0460787
11560 0.044117
11558 0.0421708
11556 0.0409398
11554 0.0394917
11552 0.0373061
11550 0.0360007
11548 0.0350907
11546 0.0336956
11544 0.0323054
11542 0.0308294
11540 0.0295612
11538 0.0282252
11536 0.0266059
11534 0.0257018
11532 0.0250186
11530 0.0247003
11528 0.02357
11526 0.0217003
11524 0.0212152
11522 0.0206654
11520 0.0196864
11518 0.0187389
11516 0.0180553
11514 0.0175617
11512 0.0170341
11510 0.0162456
11508 0.0156643
11506 0.0153222
11504 0.0144195
11502 0.0134104
11500 0.01342
11498 0.0131844
11496 0.0117504
11494 0.011212
11492 0.0112411
11490 0.0106697
11488 0.0103737
11486 0.0100366
11484 0.0100089
11482 0.00944953
11480 0.00855456
11478 0.00879297
11476 0.00858651
11474 0.00813243
11472 0.00814734
11470 0.00714657
11468 0.0064612
11466 0.00634462
11464 0.00625539
11462 0.00616102
11460 0.00559765
11458 0.00616731
11456 0.0059621
11454 0.0050558
11452 0.00496451
11450 0.0048386
11448 0.00414832
11446 0.00441045
11444 0.00476042
11442 0.00383214
11440 0.00395081
11438 0.00406488
11436 0.00362026
11434 0.00316357
11432 0.00327311
11430 0.0029479
11428 0.00247374
11426 0.00272202
11424 0.00250271
11422 0.00271569
11420 0.00329636
11418 0.00318968
11416 0.00285604
11414 0.00264291
11412 0.00285808
11410 0.00207602
11408 0.0011845
11406 0.00185999
11404 0.00207758
11402 0.0017552
11400 0.00118488
11398 0.00120175
11396 0.00130956
11394 0.001633
11392 0.00175763
11390 0.00189226
11388 0.00189022
11386 0.00143089
11384 0.00120036
11382 0.0005379
11380 0.00098365
11378 0.00178295
11376 0.00155293
11374 0.00083028
11372 0.00095195
11370 0.00153457
11368 0.00142802
11366 0.00145995
11364 0.00155178
11362 0.0016889
11360 0.00124435
11358 0.00039986
11356 0.00099979
11354 0.00121564
11352 0.00055425
11350 0.0008009
11348 0.00089455
11346 0.00098721
11344 0.00064709
11342 9.252e-05
11340 9.25e-05
11338 9.242e-05
11336 9.244e-05
11334 0.00018489
11332 0.00064727
11330 0.00100042
11328 0.00112149
11326 0.00043002
11324 0.00030714
11322 0.00066001
11320 0.00019963
11318 9.221e-05
11316 0.00019988
11314 0.00021497
11312 0.00033742
11310 0.00044496
11308 0.00044548
11306 -3.078e-05
11304 0.00021534
11302 0.00033849
11300 -0.00046235
11298 -0.00024633
11296 0.00021541
11294 0.00044606
11292 0.00033849
11290 9.238e-05
11288 0.00067746
11286 0.00092429
11284 0.00067749
11282 7.698e-05
11280 -3.075e-05
11278 0.00059849
11276 0.00083023
11274 0.00070781
11272 9.226e-05
11270 0
11268 0.00047712
11266 0.00035352
11264 -1.535e-05
11262 0.00058348
11260 0.00012282
11258 -0.00072206
11256 -1.537e-05
11254 0.00093699
11252 0.00116712
11250 0.00046081
11248 0.00023045
11246 -0.00024603
11244 -0.00024626
11242 0.00061515
11240 0.00023088
11238 0.0004615
11236 0.00081383
11234 -0.00043028
11232 -0.00076774
11230 -0.00050664
11228 -0.00015365
11226 0.00023046
11224 0.00012307
11222 0.00086186
11220 0.00073806
11218 -0.00023056
11216 0.00012316
11214 0.00024661
11212 0.00050809
11210 0.00110888
11208 0.00110775
11206 0.00026104
11204 -0.0002458
11202 9.209e-05
11200 0.00035305
11198 0.0002611
11196 0
11194 0.00021461
11192 -0.00016878
11190 -0.0001227
11188 0.00036762
11186 -1.533e-05
11184 -0.00055271
11182 -0.0003072
11180 -1.535e-05
11178 1.534e-05
11176 0.00049064
11174 0.0004758
11172 0.00024562
11170 3.069e-05
11168 -0.00035333
11166 0.00038388
11164 0.00101243
11162 0.00063008
11160 -1.538e-05
11158 -1.536e-05
11156 0.00052243
11154 0.00067636
11152 0.00055307
11150 0.00090638
11148 0.00101468
11146 0.00035353
11144 -3.073e-05
11142 0.00010751
11140 0.00036833
11138 0.00076765
11136 0.0003231
11134 -1.537e-05
11132 1.535e-05
11130 -0.00052221
11128 0
11126 0.00036772
11124 0.00065923
11122 0.00108837
11120 0.00029166
11118 -1.537e-05
11116 -0.00041488
11114 -0.00029224
11112 -0.00027682
11110 -1.534e-05
11108 0.00076674
11106 0.00036894
11104 0.00023087
11102 0.00049252
11100 0.00049185
11098 0.00023058
11096 0.00036922
11094 0.00040035
11092 -0.00029291
11090 -0.00030836
11088 0.00023144
11086 0.00063174
11084 0.00053775
11082 0.000123
11080 -0.00046115
11078 -0.00044442
11076 0.00067425
11074 0.00026068
11072 0.00082691
11070 0.00079692
11068 -0.00030664
11066 0.00029093
11064 0
11062 -3.069e-05
11060 0.00065911
11058 0.00104396
11056 0.00104586
11054 0.00118283
11052 0.00078324
11050 -1.536e-05
11048 -0.0004299
11046 -0.00043019
11044 0.00012308
11042 0.00010775
11040 -0.00070851
11038 -0.00039995
11036 0.00069052
11034 0.00081459
11032 -1.538e-05
11030 0
11028 0.00083137
11026 0.00043125
11024 0.00015391
11022 0.00023092
11020 -0.00016944
11018 3.072e-05
11016 0.00041436
11014 0.00052232
11012 0.00066005
11010 0.0008288
11008 0.00069097
11006 0.00055171
11004 0.00041422
11002 0.00012291
11000 -0.00030726
10998 -0.00058491
10996 -1.54e-05
10994 0.00055343
10992 0.00039974
10990 -0.00043039
10988 -0.00042977
10986 0.0001228
10984 -0.00016896
10982 -0.00016919
10980 0.00012312
10978 -0.00057007
10976 -0.00083155
10974 -0.0004148
10972 -0.00047673
10970 -0.00018449
10968 1.537e-05
10966 -0.00029204
10964 -0.00013847
10962 1.541e-05
10960 1.539e-05
10958 -0.00027688
10956 0.00026136
10954 0.0007064
10952 -0.00052199
10950 -0.00041483
10948 0.00056813
10946 0.00015361
10944 -0.00043052
10942 -0.00013826
10940 0.00044481
10938 -0.00053718
10936 -0.00139865
10934 -0.0005682
10932 -0.00029182
10930 -0.00013848
10928 0.00026143
10926 0.00029155
10924 0.00015334
10922 1.532e-05
10920 0.00030685
10918 0.00067565
10916 0.0002152
10914 0.0003535
10912 0.00127323
10910 0.00030698
10908 -0.00043033
10906 0.00050778
10904 0.00066133
10902 0.00026135
10900 0.00040013
10898 0.00069254
10896 0.00124306
10894 0.00027637
10892 -0.00069197
10890 -0.00030702
10888 9.218e-05
10886 0.00083
10884 0.00070583
10882 0.00012278
10880 -0.00041461
10878 -1.534e-05
10876 0.00095081
10874 0.00082905
10872 0.00098116
10870 0.00084407
10868 0.00095291
10866 0.00109001
10864 0.00038377
10862 0.00082838
10860 0.00096613
10858 0.00038399
10856 -0.00041472
10854 -0.00013808
10852 0.00079821
10850 0.00065961
10848 0.00027571
10846 -0.00039866
10844 -0.00041487
10842 -0.00018436
10840 0.00012287
10838 0.00058446
10836 -0.00013858
10834 -0.00027687
10832 0.00070635
10830 0.00056764
10828 -0.00027647
10826 -0.00055408
10824 1.538e-05
10822 0.00029217
10820 0
10818 0.00041515
10816 0.00029199
10814 -9.227e-05
10812 3.073e-05
10810 0.00013842
10808 -0.00012322
10806 -0.00107742
10804 -0.00083127
10802 0.00027716
10800 0.0004148
10798 0.00038409
10796 0.00053855
10794 -0.0002615
10792 -0.00093767
10790 -0.00041448
10788 -0.00012268
10786 -0.0001381
10784 0.00012296
10782 -0.00029223
10780 -0.00047684
10778 -0.0001846
10776 -0.00056893
10774 -0.00015384
10772 0.0008002
10770 0.00053799
10768 0.00026092
10766 0
10764 3.075e-05
10762 0.00029179
10760 0.00026113
10758 0.00038484
10756 0.0002616
10754 0.00026145
10752 -0.00029223
10750 -0.00055312
10748 -0.0002922
10746 -1.54e-05
10744 0.00055317
10742 0.00056815
10740 0.00043031
10738 0.00095055
10736 0.00091931
10734 -1.536e-05
10732 -1.535e-05
10730 0.00026095
10728 -0.00016897
10726 -0.00029152
10724 -0.00039855
10722 -0.00068994
10720 -0.00032215
10718 -1.535e-05
10716 -0.00041507
10714 -0.00056889
10712 -0.00058407
10710 0.00015358
10708 0.00070592
10706 0.00026134
10704 0.00041499
10702 0.00027678
10700 -1.539e-05
10698 0.00012299
10696 0.00053731
10694 0.00093601
10692 0.00079794
10690 0.00108855
10688 0.00095221
10686 0.00039917
10684 3.069e-05
10682 0.00029165
10680 0.00064485
10678 -0.00047633
10676 -0.00046096
10674 0.00012294
10672 -0.0004307
10670 0.00069182
10668 0.00127425
10666 1.536e-05
10664 -0.00081458
10662 0.00015365
10660 0.00079821
10658 -0.00089226
10656 -0.00138716
10654 -0.00053796
10652 -0.00029181
10650 -0.00013834
10648 3.073e-05
10646 0.00053817
10644 0.00026157
10642 0
10640 0.00081448
10638 0.00053812
10636 -0.00013828
10634 -0.00070548
10632 -0.00086018
10630 -0.00015391
10628 0.00013825
10626 -0.00027676
10624 -0.00029244
10622 -0.00044548
10620 -0.00085995
10618 -0.00043028
10616 -0.00043
10614 -0.00015373
10612 0.00013852
10610 -0.00056889
10608 -0.00101543
10606 -0.00087732
10604 -0.00015361
10602 0.00082954
10600 0.00055439
10598 -1.54e-05
10596 0.0001078
10594 9.24e-05
10592 0.00029215
10590 0.0007074
10588 0.00013857
10586 -0.00055375
10584 -0.00055424
10582 -0.0008307
10580 -0.00024594
10578 -0.00040046
10576 -0.00030778
10574 -0.00015372
10572 -0.00030741
10570 -0.00016933
10568 -0.00027679
10566 0.00015348
10564 0.00053726
10562 0.00042984
10560 0.00030648
10558 0.00012264
10556 -0.0006147
10554 -0.00061519
10552 -0.00060038
10550 -0.00056942
10548 0.0001538
10546 0.00058496
10544 0.00055415
10542 0.00084525
10540 0.00115294
10538 0.00129141
10536 0.00024604
10534 -0.00063072
10532 0.00072164
10530 0.00069071
10528 -0.00035338
10526 -0.00021495
10524 -0.00015337
10522 -0.00013832
10520 -0.00030744
10518 -0.00069106
10516 -0.00010744
10514 0.00030661
10512 -0.00046005
10510 -0.00059747
10508 -0.00012275
10506 0.00013832
10504 0.00029168
10502 -0.00058302
10500 -0.00075143
10498 -0.00044509
10496 0
10494 0.00041501
10492 0.00041465
10490 -6.151e-05
10488 -0.0003383
10486 -0.00015369
10484 -0.00075406
10482 -0.00104452
10480 -0.00056736
10478 -0.00012297
10476 0
10474 0.00086217
10472 0.00086277
10470 0.00041543
10468 0.00070687
10466 0.00043025
10464 0.00033809
10462 -0.00030762
10460 -0.00035422
10458 0.00086221
10456 -1.539e-05
10454 -0.00044586
10452 0.00076826
10450 1.535e-05
10448 -0.00076785
10446 -0.0003382
10444 0.00012294
10442 0.00056837
10440 -0.00049205
10438 -0.00076731
10436 -0.00059858
10434 -0.00133757
10432 -0.00104656
10430 -0.00030754
10428 0
10426 -0.00058423
10424 -0.00072277
10422 -0.00013824
10420 0.00047531
10418 0.00016902
10416 -0.00015382
10414 0.00029197
10412 0.00026178
10410 -0.00044635
10408 -0.00043022
10406 0
10404 -0.00032224
10402 0.00027638
10400 0.00013831
10398 -0.00049186
10396 0.00012308
10394 0.00029264
10392 0
10390 0
10388 0.00044541
10386 0.00044514
10384 0.0002915
10382 0.00110461
10380 0.00083008
10378 0.00033809
10376 0.00092099
10374 0
10372 -0.00105911
10370 -0.00030696
10368 0.00012293
10366 -0.00015352
10364 -0.0001381
10362 0.00013821
10360 -0.00050712
10358 -0.00066098
10356 -0.00035363
10354 -0.00033793
10352 -0.00029242
10350 -0.00124946
10348 -0.00095523
10346 0.00061579
10344 0.0012314
10342 -0.00021559
10340 -0.00067699
10338 0.00044633
10336 0.00060032
10334 0.00089153
10332 0.00089139
10330 -3.076e-05
10328 0.00012284
10326 0.00045963
10324 0.00015293
10322 0.00015282
10320 -0.00015309
10318 -0.00062944
10316 -0.00016888
10314 -0.00019947
10312 -0.00079914
10310 0
10308 0.00044571
10306 -0.00030766
10304 -0.00063066
10302 0.00012316
10300 0.00012321
10298 -0.00047767
10296 -0.0004621
10294 -0.00029207
10292 3.071e-05
10290 0.00018442
10288 -0.000169
10286 -0.00021517
10284 0.00043109
10282 0.00078369
10280 0.00047539
10278 0.00046042
10276 0.0004603
10274 -0.00015331
10272 -0.00027626
10270 -0.00046095
10268 -0.00061458
10266 -0.00046023
10264 0.0001685
10262 0.00015319
10260 -0.00045966
10258 1.534e-05
10256 0.00047545
10254 0.00016864
10252 0.00064531
10250 0.00125858
10248 0.00062762
10246 0.00050579
10244 0.00033747
10242 0.0002916
10240 0.00032256
10238 0.00032276
10236 0.00126131
10234 0.00064647
10232 -0.00066192
10230 0.00043057
10228 0.0015845
10226 0.00079991
10224 -0.00049336
10222 -0.00033962
10220 -3.081e-05
10218 -0.00020024
10216 -3.079e-05
10214 0.00113714
10212 0.0008305
10210 -0.00032359
10208 -0.00084795
10206 -0.00087766
10204 -6.149e-05
10202 -0.00019979
10200 -0.00062925
10198 -0.00062873
10196 0.00065916
10194 0.00131722
10192 0.00082761
10190 0.00013817
10188 -1.534e-05
10186 0.00016857
10184 0.00015342
10182 -4.605e-05
10180 0.00012282
10178 0.00030739
10176 -0.00116958
10174 -0.0008315
10172 -0.00086199
10170 -0.00132362
10168 -0.00097061
10166 -0.00033863
10164 0.00066124
10162 0.00080079
10160 0.00064689
10158 -0.00050851
10156 -0.0003236
10154 0
10152 0.00013841
10150 0.00029244
10148 0
10146 4.611e-05
10144 -0.0001539
10142 0.00015368
10140 0.00015337
10138 0.00021468
10136 0.00056695
10134 0.00068938
10132 0.00102752
10130 3.071e-05
10128 0.0001843
10126 0.00084391
10124 0.00016891
10122 -0.00019979
10120 -0.00089133
10118 -0.00119917
10116 -0.00016911
10114 0.0001846
10112 -0.00053905
10110 -0.00075374
10108 0.00013821
10106 0.00066083
10104 0
10102 -0.00052289
10100 -0.00035442
10098 -0.0008929
10096 -0.00072234
10094 -0.00039947
10092 -0.00055305
10090 -0.00018431
10088 -0.00055322
10086 -0.00036918
10084 0.00090593
10082 0.00055267
10080 0.00015374
10078 0.00084451
10076 0.00015359
10074 -0.00036895
10072 0.00018442
10070 0.00036852
10068 -0.00016899
10066 -0.0013095
10064 -0.00041602
10062 0.0005074
10060 -4.611e-05
10058 0.00053898
10056 0.00109266
10054 0.00053797
10052 -0.00036966
10050 -1.539e-05
10048 -0.0012923
10046 -0.00167796
10044 0.0001688
10042 0.00108967
10040 0.00090795
10038 -0.00020011
10036 -0.00149227
10034 -0.00130872
10032 -0.00053869
10030 0
10028 0.00144502
10026 0.00109152
10024 -0.00018448
10022 0.00016931
10020 0.00035367
10018 -0.00021515
10016 -0.00059961
10014 -0.00021519
10012 0.0001842
10010 0.00095117
10008 0.00092054
10006 -0.00018417
10004 0.00018404
10002 0.00016851
10000 -0.00061321
