      1.29770  3.05000e-05
      1.29820  3.05000e-05
      1.29870  6.10000e-05
      1.29920  6.10000e-05
      1.29970  0.000137200
      1.30020  0.000106700
      1.30070  3.05000e-05
      1.30120  3.05000e-05
      1.30170      0.00000
      1.30220      0.00000
      1.30270  3.05000e-05
      1.30320  6.10000e-05
      1.30360  6.10000e-05
      1.30410  9.15000e-05
      1.30460  9.15000e-05
      1.30510  9.15000e-05
      1.30560  9.15000e-05
      1.30610  9.15000e-05
      1.30660  6.10000e-05
      1.30710  3.05000e-05
      1.30760  6.10000e-05
      1.30810  3.05000e-05
      1.30860  3.05000e-05
      1.30910  6.10000e-05
      1.30960  3.05000e-05
      1.31010  6.10000e-05
      1.31060  6.10000e-05
      1.31110  6.10000e-05
      1.31160  9.15000e-05
      1.31210  9.15000e-05
      1.31260  6.10000e-05
      1.31310  3.05000e-05
      1.31360  3.05000e-05
      1.31410      0.00000
      1.31460  3.05000e-05
      1.31510  3.05000e-05
      1.31560      0.00000
      1.31610  3.05000e-05
      1.31660  3.05000e-05
      1.31710  6.10000e-05
      1.31760  9.15000e-05
      1.31810  6.10000e-05
      1.31860  9.15000e-05
      1.31910  9.15000e-05
      1.31960  6.10000e-05
      1.32010  6.10000e-05
      1.32060  6.10000e-05
      1.32110  6.10000e-05
      1.32160  6.10000e-05
      1.32210  9.15000e-05
      1.32260  9.15000e-05
      1.32310  6.10000e-05
      1.32360  9.15000e-05
      1.32410  9.15000e-05
      1.32460  3.05000e-05
      1.32510 -4.58000e-05
      1.32560 -1.00000e-07
      1.32610 -4.58000e-05
      1.32660  3.05000e-05
      1.32710  0.000106700
      1.32760  3.05000e-05
      1.32810  3.05000e-05
      1.32860      0.00000
      1.32910  3.05000e-05
      1.32960  3.05000e-05
      1.33010  3.05000e-05
      1.33060  6.10000e-05
      1.33110  3.05000e-05
      1.33160  6.10000e-05
      1.33210  0.000106700
      1.33260  6.10000e-05
      1.33310  6.10000e-05
      1.33360  3.05000e-05
      1.33410 -4.58000e-05
      1.33460 -4.56000e-05
      1.33510  1.00000e-07
      1.33560  3.06000e-05
      1.33610  0.000106800
      1.33660  0.000167800
      1.33710  0.000167800
      1.33760  0.000137300
      1.33810  0.000137300
      1.33860  0.000106800
      1.33910  0.000106800
      1.33960  0.000106800
      1.34010  0.000106800
      1.34060  0.000106800
      1.34110  0.000106800
      1.34160  0.000152500
      1.34210  0.000152500
      1.34260  0.000106800
      1.34310  7.63000e-05
      1.34360  3.06000e-05
      1.34410  3.06000e-05
      1.34460  3.06000e-05
      1.34510  3.06000e-05
      1.34560  0.000106800
      1.34610  0.000106800
      1.34660  0.000152500
      1.34710  0.000152500
      1.34760  0.000106800
      1.34810  7.63000e-05
      1.34860  7.63000e-05
      1.34910  7.63000e-05
      1.34960  7.63000e-05
      1.35010  7.63000e-05
      1.35060  3.06000e-05
      1.35110  7.63000e-05
      1.35160  3.06000e-05
      1.35210  3.06000e-05
      1.35260  3.06000e-05
      1.35310  3.06000e-05
      1.35360  7.63000e-05
      1.35410  0.000106800
      1.35460  0.000152500
      1.35510  0.000106800
      1.35560  7.63000e-05
      1.35610 -1.52000e-05
      1.35660  4.58000e-05
      1.35710  4.58000e-05
      1.35760  9.15000e-05
      1.35810  0.000213500
      1.35860  0.000122000
      1.35900  0.000167700
      1.35950  0.000167700
      1.36000  0.000122000
      1.36050  0.000167700
      1.36100  7.62000e-05
      1.36150  7.62000e-05
      1.36200  3.05000e-05
      1.36250      0.00000
      1.36300  3.05000e-05
      1.36350      0.00000
      1.36400      0.00000
      1.36450 -4.57000e-05
      1.36500 -4.57000e-05
      1.36550      0.00000
      1.36600      0.00000
      1.36650  3.05000e-05
      1.36700  3.04000e-05
      1.36750 -1.00000e-07
      1.36800  3.04000e-05
      1.36850  3.04000e-05
      1.36900  0.000121900
      1.36950  0.000152400
      1.37000  0.000152400
      1.37050  0.000198100
      1.37100  0.000152400
      1.37150  0.000106700
      1.37200  7.62000e-05
      1.37250  3.05000e-05
      1.37300  3.05000e-05
      1.37350  3.05000e-05
      1.37400  3.05000e-05
      1.37450  7.62000e-05
      1.37500  3.05000e-05
      1.37550  7.62000e-05
      1.37600  0.000121900
      1.37650  0.000121900
      1.37700  0.000121900
      1.37750  7.62000e-05
      1.37800      0.00000
      1.37850 -4.57000e-05
      1.37900 -4.57000e-05
      1.37950      0.00000
      1.38000  3.05000e-05
      1.38050  3.05000e-05
      1.38100  3.05000e-05
      1.38150      0.00000
      1.38200      0.00000
      1.38250  3.05000e-05
      1.38300  3.05000e-05
      1.38350  3.07000e-05
      1.38400  7.64000e-05
      1.38450  3.07000e-05
      1.38500  3.07000e-05
      1.38550  7.64000e-05
      1.38600  7.64000e-05
      1.38650  0.000106900
      1.38700  0.000106900
      1.38750  0.000106900
      1.38800  7.64000e-05
      1.38850  7.64000e-05
      1.38900  7.64000e-05
      1.38950  7.64000e-05
      1.39000  0.000106900
      1.39050  7.64000e-05
      1.39100  0.000106900
      1.39150  7.64000e-05
      1.39200  7.64000e-05
      1.39250  7.64000e-05
      1.39300  7.64000e-05
      1.39350  0.000106900
      1.39400  0.000106900
      1.39450  0.000152600
      1.39500  0.000152600
      1.39550  0.000152600
      1.39600  0.000106900
      1.39650  0.000106900
      1.39700  7.64000e-05
      1.39750  7.64000e-05
      1.39800  0.000106900
      1.39850  0.000152600
      1.39900  0.000183100
      1.39950  0.000183100
      1.40000  0.000183100
      1.40050  0.000153200
      1.40100  0.000153200
      1.40150  0.000183700
      1.40200  0.000183700
      1.40250  0.000229400
      1.40300  0.000229400
      1.40350  0.000183700
      1.40400  0.000229400
      1.40450  0.000183700
      1.40500  0.000183700
      1.40550  0.000183700
      1.40600  0.000153200
      1.40650  0.000183700
      1.40700  0.000229400
      1.40750  0.000275100
      1.40800  0.000351300
      1.40850  0.000397000
      1.40900  0.000397000
      1.40950  0.000427500
      1.41000  0.000397000
      1.41050  0.000351300
      1.41100  0.000397000
      1.41150  0.000397000
      1.41200  0.000427500
      1.41250  0.000473200
      1.41300  0.000503700
      1.41350  0.000503700
      1.41400  0.000549400
      1.41440  0.000595100
      1.41490  0.000595700
      1.41540  0.000580500
      1.41590  0.000580500
      1.41640  0.000611000
      1.41690  0.000580500
      1.41740  0.000656800
      1.41790  0.000687300
      1.41840  0.000687300
      1.41890  0.000763500
      1.41940  0.000794000
      1.41990  0.000870200
      1.42040  0.000915900
      1.42090  0.000946400
      1.42140  0.000946400
      1.42190  0.000946400
      1.42240  0.000946400
      1.42290  0.000976900
      1.42340  0.000976900
      1.42390   0.00100740
      1.42440   0.00108360
      1.42490   0.00115990
      1.42540   0.00125140
      1.42590   0.00125140
      1.42640   0.00129710
      1.42690   0.00129710
      1.42740   0.00132760
      1.42790   0.00132760
      1.42840   0.00132760
      1.42890   0.00134280
      1.42940   0.00134370
      1.42990   0.00142000
      1.43040   0.00142000
      1.43090   0.00146570
      1.43140   0.00154200
      1.43190   0.00161820
      1.43240   0.00174020
      1.43290   0.00178590
      1.43340   0.00181640
      1.43390   0.00181640
      1.43440   0.00189260
      1.43490   0.00201460
      1.43540   0.00210610
      1.43590   0.00218240
      1.43640   0.00219760
      1.43690   0.00230440
      1.43740   0.00247220
      1.43790   0.00259420
      1.43840   0.00276200
      1.43890   0.00280770
      1.43940   0.00285340
      1.43990   0.00292970
      1.44040   0.00302210
      1.44090   0.00315940
      1.44140   0.00325090
      1.44190   0.00341870
      1.44240   0.00361700
      1.44290   0.00378480
      1.44340   0.00405940
      1.44390   0.00427300
      1.44440   0.00447130
      1.44490   0.00473060
      1.44540   0.00486790
      1.44590   0.00512730
      1.44640   0.00543240
      1.44690   0.00576800
      1.44740   0.00611890
      1.44790   0.00645460
      1.44840   0.00679020
      1.44890   0.00711140
      1.44940   0.00753860
      1.44990   0.00799630
      1.45040   0.00842350
      1.45090   0.00894230
      1.45140   0.00941530
      1.45190   0.00997980
      1.45240    0.0106511
      1.45290    0.0113377
      1.45340    0.0121921
      1.45390    0.0130618
      1.45440    0.0138552
      1.45490    0.0148012
      1.45540    0.0157472
      1.45590    0.0167390
      1.45640    0.0179291
      1.45690    0.0192115
      1.45740    0.0205695
      1.45790    0.0221411
      1.45840    0.0237280
      1.45890    0.0254369
      1.45940    0.0272679
      1.45990    0.0292668
      1.46040    0.0313725
      1.46090    0.0336460
      1.46140    0.0361026
      1.46190    0.0387576
      1.46240    0.0416872
      1.46290    0.0448457
      1.46340    0.0481879
      1.46390    0.0518347
      1.46440    0.0556493
      1.46490    0.0597386
      1.46540    0.0640110
      1.46590    0.0686344
      1.46640    0.0736240
      1.46690    0.0790713
      1.46740    0.0847628
      1.46790    0.0907595
      1.46840    0.0969545
      1.46890     0.103638
      1.46940     0.110764
      1.46980     0.117936
      1.47030     0.125428
      1.47080     0.133255
      1.47130     0.141465
      1.47180     0.150528
      1.47230     0.159287
      1.47280     0.168900
      1.47330     0.178452
      1.47380     0.188248
      1.47430     0.199066
      1.47480     0.209152
      1.47530     0.219834
      1.47580     0.231095
      1.47630     0.242402
      1.47680     0.254563
      1.47730     0.266541
      1.47780     0.278733
      1.47830     0.291107
      1.47880     0.303696
      1.47930     0.316971
      1.47980     0.330048
      1.48030     0.343582
      1.48080     0.357758
      1.48130     0.372025
      1.48180     0.386795
      1.48230     0.401032
      1.48280     0.415634
      1.48330     0.430420
      1.48380     0.445816
      1.48430     0.462494
      1.48480     0.478028
      1.48530     0.494080
      1.48580     0.510513
      1.48630     0.525833
      1.48680     0.542282
      1.48730     0.558701
      1.48780     0.574402
      1.48830     0.591065
      1.48880     0.608200
      1.48930     0.624115
      1.48980     0.640427
      1.49030     0.656754
      1.49080     0.671662
      1.49130     0.686844
      1.49180     0.701431
      1.49230     0.714707
      1.49280     0.727982
      1.49330     0.741135
      1.49380     0.752961
      1.49430     0.763794
      1.49480     0.774414
      1.49530     0.784653
      1.49580     0.794251
      1.49630     0.804657
      1.49680     0.813034
      1.49730     0.820404
      1.49780     0.827133
      1.49830     0.832794
      1.49880     0.837585
      1.49930     0.841843
      1.49980     0.845428
      1.50030     0.848694
      1.50080     0.851440
      1.50130     0.854202
      1.50180     0.855453
      1.50230     0.856384
      1.50280     0.857132
      1.50330     0.856781
      1.50380     0.857162
      1.50430     0.856598
      1.50480     0.855835
      1.50530     0.855133
      1.50580     0.853912
      1.50630     0.852921
      1.50680     0.852631
      1.50730     0.851624
      1.50780     0.851608
      1.50830     0.851349
      1.50880     0.850464
      1.50930     0.850479
      1.50980     0.849487
      1.51030     0.848114
      1.51080     0.847473
      1.51130     0.847107
      1.51180     0.846786
      1.51230     0.847809
      1.51280     0.848144
      1.51330     0.848450
      1.51380     0.849396
      1.51430     0.849899
      1.51480     0.851059
      1.51530     0.851776
      1.51580     0.852264
      1.51630     0.853760
      1.51680     0.854294
      1.51730     0.856186
      1.51780     0.858597
      1.51830     0.860062
      1.51880     0.862366
      1.51930     0.864243
      1.51980     0.865051
      1.52030     0.866974
      1.52080     0.868957
      1.52130     0.869904
      1.52180     0.871628
      1.52230     0.872955
      1.52280     0.873733
      1.52330     0.875320
      1.52380     0.877396
      1.52430     0.878525
      1.52480     0.879974
      1.52520     0.881683
      1.52570     0.883133
      1.52620     0.884247
      1.52670     0.885895
      1.52720     0.887009
      1.52770     0.887375
      1.52820     0.888336
      1.52870     0.888672
      1.52920     0.888550
      1.52970     0.888138
      1.53020     0.888397
      1.53070     0.887573
      1.53120     0.887405
      1.53170     0.887955
      1.53220     0.887329
      1.53270     0.887436
      1.53320     0.886917
      1.53370     0.885498
      1.53420     0.883697
      1.53470     0.881988
      1.53520     0.880463
      1.53570     0.879806
      1.53620     0.879822
      1.53670     0.879547
      1.53720     0.878830
      1.53770     0.877655
      1.53820     0.876572
      1.53870     0.875748
      1.53920     0.874161
      1.53970     0.872986
      1.54020     0.871063
      1.54070     0.868500
      1.54120     0.867432
      1.54170     0.866226
      1.54220     0.864838
      1.54270     0.864746
      1.54320     0.863983
      1.54370     0.862991
      1.54420     0.863052
      1.54470     0.862717
      1.54520     0.862549
      1.54570     0.862442
      1.54620     0.861893
      1.54670     0.861191
      1.54720     0.860672
      1.54770     0.860336
      1.54820     0.860580
      1.54870     0.860321
      1.54920     0.860336
      1.54970     0.860580
      1.55020     0.859802
      1.55070     0.860535
      1.55120     0.861893
      1.55170     0.862701
      1.55220     0.864136
      1.55270     0.865127
      1.55320     0.865295
      1.55370     0.865799
      1.55420     0.867096
      1.55470     0.867889
      1.55520     0.869003
      1.55570     0.870666
      1.55620     0.871887
      1.55670     0.873093
      1.55720     0.874969
      1.55770     0.876297
      1.55820     0.877350
      1.55870     0.878723
      1.55920     0.879791
      1.55970     0.880783
      1.56020     0.881989
      1.56070     0.883224
      1.56120     0.883606
      1.56170     0.884186
      1.56220     0.885391
      1.56270     0.886673
      1.56320     0.888931
      1.56370     0.891022
      1.56420     0.892502
      1.56470     0.893158
      1.56520     0.893829
      1.56570     0.894394
      1.56620     0.895172
      1.56670     0.896545
      1.56720     0.897186
      1.56770     0.898331
      1.56820     0.899445
      1.56870     0.900269
      1.56920     0.901016
      1.56970     0.901062
      1.57020     0.900589
      1.57070     0.900040
      1.57120     0.899170
      1.57170     0.898605
      1.57220     0.898086
      1.57270     0.897400
      1.57320     0.897400
      1.57370     0.897278
      1.57420     0.896133
      1.57470     0.896042
      1.57520     0.895416
      1.57570     0.894195
      1.57620     0.894073
      1.57670     0.893082
      1.57720     0.891785
      1.57770     0.891434
      1.57820     0.890533
      1.57870     0.889511
      1.57920     0.888641
      1.57970     0.887192
      1.58020     0.886139
      1.58060     0.884613
      1.58110     0.883896
      1.58160     0.882996
      1.58210     0.882080
      1.58260     0.881302
      1.58310     0.880798
      1.58360     0.880188
      1.58410     0.879379
      1.58460     0.879242
      1.58510     0.878128
      1.58560     0.877640
      1.58610     0.877136
      1.58660     0.876999
      1.58710     0.876633
      1.58760     0.876846
      1.58810     0.876846
      1.58860     0.875748
      1.58910     0.875442
      1.58960     0.874313
      1.59010     0.873413
      1.59060     0.873474
      1.59110     0.873444
      1.59160     0.873840
      1.59210     0.874100
      1.59260     0.874618
      1.59310     0.874908
      1.59360     0.875046
      1.59410     0.875900
      1.59460     0.876373
      1.59510     0.877182
      1.59560     0.878098
      1.59610     0.878281
      1.59660     0.878799
      1.59710     0.878998
      1.59760     0.878769
      1.59810     0.879700
      1.59860     0.880341
      1.59910     0.881500
      1.59960     0.883270
      1.60010     0.884293
      1.60060     0.885483
      1.60110     0.885925
      1.60160     0.886658
      1.60210     0.887772
      1.60260     0.888687
      1.60310     0.889954
      1.60360     0.890945
      1.60410     0.891754
      1.60460     0.892654
      1.60510     0.893784
      1.60560     0.895264
      1.60610     0.896103
      1.60660     0.897324
      1.60710     0.898621
      1.60760     0.898727
      1.60810     0.899612
      1.60860     0.900101
      1.60910     0.899582
      1.60960     0.900589
      1.61010     0.901016
      1.61060     0.901092
      1.61110     0.901779
      1.61160     0.901276
      1.61210     0.900970
      1.61260     0.900589
      1.61310     0.899841
      1.61360     0.899704
      1.61410     0.899292
      1.61460     0.899460
      1.61510     0.899887
      1.61560     0.899246
      1.61610     0.898849
      1.61660     0.897720
      1.61710     0.897125
      1.61760     0.896240
      1.61810     0.896133
      1.61860     0.895660
      1.61910     0.893921
      1.61960     0.893097
      1.62010     0.891067
      1.62060     0.889130
      1.62110     0.887436
      1.62160     0.886093
      1.62210     0.883987
      1.62260     0.882172
      1.62310     0.881042
      1.62360     0.878906
      1.62410     0.877884
      1.62460     0.876739
      1.62510     0.874710
      1.62560     0.872207
      1.62610     0.870178
      1.62660     0.868057
      1.62710     0.866333
      1.62760     0.865249
      1.62810     0.862655
      1.62860     0.859878
      1.62910     0.857788
      1.62960     0.855484
      1.63010     0.854065
      1.63060     0.852722
      1.63110     0.850616
      1.63160     0.848755
      1.63210     0.846740
      1.63260     0.844772
      1.63310     0.842728
      1.63360     0.840469
      1.63410     0.838821
      1.63460     0.837127
      1.63510     0.836029
      1.63560     0.835144
      1.63600     0.834122
      1.63650     0.833038
      1.63700     0.831573
      1.63750     0.830246
      1.63800     0.828277
      1.63850     0.827164
      1.63900     0.825790
      1.63950     0.824554
      1.64000     0.823654
      1.64050     0.822327
      1.64100     0.820953
      1.64150     0.820358
      1.64200     0.819824
      1.64250     0.819672
      1.64300     0.819748
      1.64350     0.819489
      1.64400     0.818893
      1.64450     0.818436
      1.64500     0.818055
      1.64550     0.818299
      1.64600     0.818741
      1.64650     0.819214
      1.64700     0.820176
      1.64750     0.819916
      1.64800     0.820435
      1.64850     0.821000
      1.64900     0.821198
      1.64950     0.821869
      1.65000     0.822220
      1.65050     0.822632
      1.65100     0.823532
      1.65150     0.824692
      1.65200     0.826111
      1.65250     0.827118
      1.65300     0.828537
      1.65350     0.830246
      1.65400     0.832016
      1.65450     0.834320
      1.65500     0.836304
      1.65550     0.837311
      1.65600     0.838074
      1.65650     0.839279
      1.65700     0.839767
      1.65750     0.840836
      1.65800     0.842438
      1.65850     0.843582
      1.65900     0.845840
      1.65950     0.847977
      1.66000     0.849747
      1.66050     0.851456
      1.66100     0.853103
      1.66150     0.854690
      1.66200     0.855789
      1.66250     0.857269
      1.66300     0.858063
      1.66350     0.859314
      1.66400     0.861114
      1.66450     0.862167
      1.66500     0.863342
      1.66550     0.864044
      1.66600     0.865112
      1.66650     0.866318
      1.66700     0.867691
      1.66750     0.869080
      1.66800     0.870132
      1.66850     0.870316
      1.66900     0.871368
      1.66950     0.872757
      1.67000     0.873520
      1.67050     0.875092
      1.67100     0.875824
      1.67150     0.875534
      1.67200     0.876282
      1.67250     0.876755
      1.67300     0.876770
      1.67350     0.878204
      1.67400     0.878326
      1.67450     0.878677
      1.67500     0.879059
      1.67550     0.878571
      1.67600     0.879105
      1.67650     0.878601
      1.67700     0.878189
      1.67750     0.877975
      1.67800     0.876831
      1.67850     0.876831
      1.67900     0.876755
      1.67950     0.876160
      1.68000     0.875946
      1.68050     0.875946
      1.68100     0.875641
      1.68150     0.875427
      1.68200     0.875122
      1.68250     0.874084
      1.68300     0.872909
      1.68350     0.872223
      1.68400     0.871399
      1.68450     0.870636
      1.68500     0.870819
      1.68550     0.870560
      1.68600     0.870300
      1.68650     0.870026
      1.68700     0.869492
      1.68750     0.868500
      1.68800     0.867676
      1.68850     0.867233
      1.68900     0.866333
      1.68950     0.865601
      1.69000     0.865402
      1.69050     0.865265
      1.69100     0.865311
      1.69140     0.866348
      1.69190     0.866135
      1.69240     0.866241
      1.69290     0.866440
      1.69340     0.865585
      1.69390     0.865494
      1.69440     0.864639
      1.69490     0.863602
      1.69540     0.863022
      1.69590     0.863098
      1.69640     0.863419
      1.69690     0.863968
      1.69740     0.864380
      1.69790     0.864456
      1.69840     0.864380
      1.69890     0.864746
      1.69940     0.865326
      1.69990     0.866089
      1.70040     0.866638
      1.70090     0.867386
      1.70140     0.867630
      1.70190     0.867447
      1.70240     0.868179
      1.70290     0.868668
      1.70340     0.868835
      1.70390     0.869461
      1.70440     0.869613
      1.70490     0.869263
      1.70540     0.869766
      1.70590     0.869949
      1.70640     0.869217
      1.70690     0.868530
      1.70740     0.868133
      1.70790     0.867996
      1.70840     0.868805
      1.70890     0.869736
      1.70940     0.870682
      1.70990     0.870972
      1.71040     0.870514
      1.71090     0.870224
      1.71140     0.868851
      1.71190     0.867248
      1.71240     0.866775
      1.71290     0.865372
      1.71340     0.864258
      1.71390     0.863571
      1.71440     0.862137
      1.71490     0.861313
      1.71540     0.861038
      1.71590     0.860367
      1.71640     0.859650
      1.71690     0.858673
      1.71740     0.857880
      1.71790     0.856537
      1.71840     0.855148
      1.71890     0.853866
      1.71940     0.851425
      1.71990     0.849975
      1.72040     0.848251
      1.72090     0.846435
      1.72140     0.844925
      1.72190     0.843170
      1.72240     0.841217
      1.72290     0.838516
      1.72340     0.835831
      1.72390     0.832855
      1.72440     0.829986
      1.72490     0.828461
      1.72540     0.826309
      1.72590     0.824051
      1.72640     0.822876
      1.72690     0.820373
      1.72740     0.818893
      1.72790     0.817520
      1.72840     0.815079
      1.72890     0.813309
      1.72940     0.810898
      1.72990     0.809097
      1.73040     0.807510
      1.73090     0.805710
      1.73140     0.804626
      1.73190     0.803222
      1.73240     0.801926
      1.73290     0.801117
      1.73340     0.799911
      1.73390     0.797989
      1.73440     0.796310
      1.73490     0.794815
      1.73540     0.793060
      1.73590     0.792282
      1.73640     0.792435
      1.73690     0.791855
      1.73740     0.792236
      1.73790     0.792465
      1.73840     0.791245
      1.73890     0.791184
      1.73940     0.791031
      1.73990     0.791031
      1.74040     0.791580
      1.74090     0.791352
      1.74140     0.791352
      1.74190     0.791077
      1.74240     0.791382
      1.74290     0.792557
      1.74340     0.793320
      1.74390     0.794495
      1.74440     0.796097
      1.74490     0.796631
      1.74540     0.798431
      1.74590     0.800537
      1.74640     0.801376
      1.74690     0.802826
      1.74730     0.803727
      1.74780     0.804123
      1.74830     0.804779
      1.74880     0.806000
      1.74930     0.807129
      1.74980     0.808365
      1.75030     0.810242
      1.75080     0.811722
      1.75130     0.812836
      1.75180     0.814484
      1.75230     0.816025
      1.75280     0.817185
      1.75330     0.818176
      1.75380     0.818863
      1.75430     0.818695
      1.75480     0.818802
      1.75530     0.819031
      1.75580     0.819229
      1.75630     0.819748
      1.75680     0.820404
      1.75730     0.820785
      1.75780     0.820648
      1.75830     0.820709
      1.75880     0.819977
      1.75930     0.818847
      1.75980     0.817749
      1.76030     0.816254
      1.76080     0.814880
      1.76130     0.813797
      1.76180     0.812408
      1.76230     0.810653
      1.76280     0.808471
      1.76330     0.805588
      1.76380     0.802887
      1.76430     0.798981
      1.76480     0.794784
      1.76530     0.789978
      1.76580     0.783707
      1.76630     0.778274
      1.76680     0.772278
      1.76730     0.765259
      1.76780     0.759430
      1.76830     0.752518
      1.76880     0.745102
      1.76930     0.742355
      1.76980     0.737030
      1.77030     0.732208
      1.77080     0.725861
      1.77130     0.715118
      1.77180     0.705154
      1.77230     0.693283
      1.77280     0.681686
      1.77330     0.668655
      1.77380     0.653717
      1.77430     0.640243
      1.77480     0.624588
      1.77530     0.608932
      1.77580     0.593170
      1.77630     0.574661
      1.77680     0.556839
      1.77730     0.538925
      1.77780     0.519470
      1.77830     0.501144
      1.77880     0.482712
      1.77930     0.463943
      1.77980     0.445129
      1.78030     0.425750
      1.78080     0.405380
      1.78130     0.385147
      1.78180     0.365371
      1.78230     0.346115
      1.78280     0.326904
      1.78330     0.308395
      1.78380     0.290970
      1.78430     0.274032
      1.78480     0.258316
      1.78530     0.242553
      1.78580     0.226898
      1.78630     0.211852
      1.78680     0.197631
      1.78730     0.184326
      1.78780     0.172195
      1.78830     0.160415
      1.78880     0.150879
      1.78930     0.140533
      1.78980     0.131729
      1.79030     0.123016
      1.79080     0.113678
      1.79130     0.106125
      1.79180    0.0985711
      1.79230    0.0912012
      1.79280    0.0850672
      1.79330    0.0788111
      1.79380    0.0733180
      1.79430    0.0684658
      1.79480    0.0637356
      1.79530    0.0593259
      1.79580    0.0551756
      1.79630    0.0512999
      1.79680    0.0476989
      1.79730    0.0444641
      1.79780    0.0412903
      1.79830    0.0385582
      1.79880    0.0357964
      1.79930    0.0334466
      1.79980    0.0311273
      1.80030    0.0289606
      1.80080    0.0271143
      1.80130    0.0252375
      1.80180    0.0236354
      1.80230    0.0221401
      1.80270    0.0205380
      1.80320    0.0191648
      1.80370    0.0178984
      1.80420    0.0167693
      1.80470    0.0157616
      1.80520    0.0148309
      1.80570    0.0139307
      1.80620    0.0130152
      1.80670    0.0122828
      1.80720    0.0114436
      1.80770    0.0106960
      1.80820    0.0101162
      1.80870   0.00947540
      1.80920   0.00891090
      1.80970   0.00846840
      1.81020   0.00790390
      1.81070   0.00747670
      1.81120   0.00715630
      1.81170   0.00663750
      1.81220   0.00624080
      1.81270   0.00581290
      1.81320   0.00547730
      1.81370   0.00515690
      1.81420   0.00498910
      1.81470   0.00471450
      1.81520   0.00445510
      1.81570   0.00431780
      1.81620   0.00404320
      1.81670   0.00386010
      1.81720   0.00363130
      1.81770   0.00338720
      1.81820   0.00324990
      1.81870   0.00312790
      1.81920   0.00302110
      1.81970   0.00299060
      1.82020   0.00292960
      1.82070   0.00276180
      1.82120   0.00260870
      1.82170   0.00237990
      1.82220   0.00221210
      1.82270   0.00207480
      1.82320   0.00201380
      1.82370   0.00187650
      1.82420   0.00173920
      1.82470   0.00160190
      1.82520   0.00154090
      1.82570   0.00154090
      1.82620   0.00141890
      1.82670   0.00135790
      1.82720   0.00128170
      1.82770   0.00120540
      1.82820   0.00125110
      1.82870   0.00125110
      1.82920   0.00119010
      1.82970   0.00112910
      1.83020   0.00100710
      1.83070  0.000961400
      1.83120  0.000991900
      1.83170   0.00100710
      1.83220   0.00102230
      1.83270   0.00102230
      1.83320  0.000869800
      1.83370  0.000869800
      1.83420  0.000778300
      1.83470  0.000702000
      1.83520  0.000702000
      1.83570  0.000564700
      1.83620  0.000488400
      1.83670  0.000488400
      1.83720  0.000488400
      1.83770  0.000488400
      1.83820  0.000549400
      1.83870  0.000610400
      1.83920  0.000595200
      1.83970  0.000580000
      1.84020  0.000580000
      1.84070  0.000442700
      1.84120  0.000381700
      1.84170  0.000396900
      1.84220  0.000427400
      1.84270  0.000503600
      1.84320  0.000595100
      1.84370  0.000518900
      1.84420  0.000442600
      1.84470  0.000351100
      1.84520  0.000396800
      1.84570  0.000534100
      1.84620  0.000457800
      1.84670  0.000534000
      1.84720  0.000396700
      1.84770  0.000335700
      1.84820  0.000396700
      1.84870  0.000335700
      1.84920  0.000274700
      1.84970  0.000274700
      1.85020  0.000274700
      1.85070  0.000274700
      1.85120  0.000335700
      1.85170  0.000335700
      1.85220  0.000320500
      1.85270  0.000335700
      1.85320  0.000335700
      1.85370  0.000198400
      1.85420  0.000198400
      1.85470  0.000137400
      1.85520  6.12000e-05
      1.85570  0.000137400
      1.85620  0.000122200
      1.85670  0.000198400
      1.85720  0.000198400
      1.85770  0.000259400
      1.85810  0.000259400
      1.85860  0.000259400
      1.85910  0.000320400
      1.85960  0.000259400
      1.86010  0.000259400
      1.86060  0.000320400
      1.86110  0.000396600
      1.86160  0.000396600
      1.86210  0.000411800
      1.86260  0.000274500
      1.86310  0.000289700
      1.86360  0.000289700
      1.86410  0.000228700
      1.86460  0.000228700
      1.86510  7.62000e-05
      1.86560      0.00000
      1.86610 -9.15000e-05
      1.86660  7.63000e-05
      1.86710  7.63000e-05
      1.86760  7.63000e-05
      1.86810  7.63000e-05
      1.86860 -9.15000e-05
      1.86910 -0.000167800
      1.86960 -0.000167800
      1.87010 -1.53000e-05
      1.87060  6.10000e-05
      1.87110  0.000213500
      1.87160  0.000137300
      1.87210  0.000213500
      1.87260  0.000137300
      1.87310  6.11000e-05
      1.87360  0.000198100
      1.87410  6.08000e-05
      1.87460  6.08000e-05
      1.87510  6.08000e-05
      1.87560  6.08000e-05
      1.87610  0.000121800
      1.87660  0.000121800
      1.87710  0.000121800
      1.87760  0.000121800
      1.87810 -2.00000e-07
      1.87860  6.08000e-05
      1.87910  0.000137000
      1.87960  6.08000e-05
      1.88010  0.000198100
      1.88060  0.000121900
      1.88110  6.09000e-05
      1.88160  6.09000e-05
      1.88210  6.09000e-05
      1.88260  0.000121900
      1.88310  0.000259200
      1.88360  0.000259200
      1.88410  0.000259200
      1.88460  0.000350700
      1.88510  0.000213400
      1.88560  0.000137200
      1.88610  7.62000e-05
      1.88660      0.00000
      1.88710      0.00000
      1.88760  0.000137500
      1.88810  0.000198500
      1.88860  0.000137500
      1.88910  0.000198500
      1.88960  0.000198500
      1.89010  0.000183300
      1.89060  0.000259500
      1.89110  0.000259500
      1.89160  0.000259500
      1.89210  0.000335700
      1.89260  0.000350900
      1.89310  0.000350900
      1.89360  0.000366100
      1.89410  0.000213600
      1.89460  0.000213600
      1.89510  0.000228800
      1.89560  0.000305100
      1.89610  0.000366100
      1.89660  0.000366100
      1.89710  0.000366100
      1.89760  0.000137300
      1.89810  6.11000e-05
      1.89860  7.63000e-05
      1.89910  1.00000e-07
      1.89960  7.63000e-05
      1.90010  7.63000e-05
      1.90060 -9.15000e-05
      1.90110 -9.13000e-05
      1.90160  6.12000e-05
      1.90210  6.12000e-05
      1.90260  7.64000e-05
      1.90310  7.64000e-05
      1.90360 -7.61000e-05
      1.90410 -7.61000e-05
      1.90460  1.00000e-07
      1.90510  0.000137400
      1.90560  0.000137400
      1.90610  0.000213600
      1.90660  0.000289900
      1.90710  0.000137400
      1.90760  0.000213600
      1.90810  0.000137400
      1.90860  7.64000e-05
      1.90910  0.000137400
      1.90960  6.12000e-05
      1.91010  6.12000e-05
      1.91060  6.12000e-05
      1.91110  2.00000e-07
      1.91160  6.12000e-05
      1.91210  0.000137400
      1.91260  0.000137400
      1.91310  0.000137400
      1.91350  0.000137400
      1.91400  0.000152600
      1.91450  0.000152600
      1.91500  0.000152800
      1.91550  7.65000e-05
      1.91600  6.13000e-05
      1.91650  6.13000e-05
      1.91700  6.13000e-05
      1.91750  6.13000e-05
      1.91800  6.13000e-05
      1.91850  0.000137500
      1.91900  0.000137500
      1.91950  0.000198500
      1.92000  0.000198500
      1.92050  0.000198500
      1.92100  0.000198500
      1.92150  6.12000e-05
      1.92200 -7.61000e-05
      1.92250 -0.000152400
      1.92300 -0.000152400
      1.92350 -7.61000e-05
      1.92400  6.12000e-05
      1.92450  0.000137400
      1.92500  0.000137400
      1.92550  0.000213600
      1.92600  0.000198400
      1.92650  0.000198400
      1.92700  0.000198400
      1.92750  0.000137400
      1.92800  0.000137400
      1.92850  6.12000e-05
      1.92900  6.12000e-05
      1.92950  0.000137400
      1.93000  0.000137400
      1.93050  0.000213600
      1.93100  0.000289900
      1.93150  0.000213400
      1.93200  0.000137200
      1.93250  6.10000e-05
      1.93300      0.00000
      1.93350      0.00000
      1.93400  6.10000e-05
      1.93450  6.10000e-05
      1.93500  0.000137200
      1.93550  0.000213400
      1.93600  0.000213400
      1.93650  0.000137200
      1.93700  6.10000e-05
      1.93750      0.00000
      1.93800      0.00000
      1.93850  0.000137300
      1.93900  6.11000e-05
      1.93950  6.11000e-05
      1.94000  1.00000e-07
      1.94050 -0.000152400
      1.94100 -0.000152400
      1.94150 -0.000152400
      1.94200 -7.61000e-05
      1.94250  1.00000e-07
      1.94300  0.000137400
      1.94350  0.000137400
      1.94400  6.12000e-05
      1.94450  0.000137400
      1.94500  0.000137400
      1.94550  0.000213600
      1.94600  0.000289900
      1.94650  0.000290000
      1.94700  0.000213700
      1.94750  0.000213700
      1.94800  0.000213700
      1.94850  0.000137500
      1.94900  0.000137500
      1.94950  6.13000e-05
      1.95000  3.00000e-07
      1.95050  6.13000e-05
      1.95100  0.000137500
      1.95150  0.000213700
      1.95200  0.000213700
      1.95250  0.000213700
      1.95300  0.000137500
      1.95350  6.13000e-05
      1.95400  0.000137500
      1.95450  0.000137500
      1.95500  0.000213700
      1.95550  0.000290000
      1.95600  0.000290000
      1.95650  0.000213700
      1.95700  0.000228900
      1.95750  0.000228900
      1.95800  0.000152700
      1.95850  0.000152700
      1.95900  0.000152700
      1.95950  0.000152700
      1.96000  0.000305200
      1.96050  0.000381400
      1.96100  0.000381400
      1.96150  0.000381400
      1.96200  0.000305200
      1.96250  0.000305200
      1.96300  0.000305200
      1.96350  0.000228900
      1.96400  0.000228900
      1.96450  0.000152700
      1.96500  7.64000e-05
      1.96550  7.64000e-05
      1.96600  2.00000e-07
      1.96650  7.64000e-05
      1.96700  7.64000e-05
      1.96750  7.64000e-05
      1.96800  7.64000e-05
      1.96850  2.00000e-07
      1.96890  7.64000e-05
      1.96940  7.64000e-05
      1.96990  7.64000e-05
      1.97040  7.64000e-05
      1.97090 -7.61000e-05
      1.97140 -7.61000e-05
      1.97190  1.00000e-07
      1.97240 -7.61000e-05
      1.97290  1.00000e-07
      1.97340  1.00000e-07
      1.97390  1.00000e-07
      1.97440  0.000152600
      1.97490  0.000152600
      1.97540  0.000152600
      1.97590  7.63000e-05
      1.97640  1.00000e-07
      1.97690  1.00000e-07
      1.97740  7.63000e-05
      1.97790  7.63000e-05
      1.97840  7.63000e-05
      1.97890  7.63000e-05
      1.97940  1.00000e-07
      1.97990  7.66000e-05
      1.98040  7.66000e-05
      1.98090  7.66000e-05
      1.98140  0.000152900
      1.98190  0.000152900
      1.98240  0.000152900
      1.98290  0.000229100
      1.98340  0.000229100
      1.98390  0.000152900
      1.98440  0.000152900
      1.98490  0.000152900
      1.98540  7.66000e-05
      1.98590  7.66000e-05
      1.98640  0.000152900
      1.98690  0.000152900
      1.98740  0.000229100
      1.98790  0.000396900
      1.98840  0.000396900
      1.98890  0.000396900
      1.98940  0.000320600
      1.98990  0.000152800
      1.99040  7.65000e-05
      1.99090  7.65000e-05
      1.99140  0.000152800
      1.99190  0.000229000
      1.99240  0.000320500
      1.99290  0.000320500
      1.99340  0.000320500
      1.99390  0.000320500
      1.99440  0.000320500
      1.99490  0.000396800
      1.99540  0.000488300
      1.99590  0.000579800
      1.99640  0.000656100
