1.00000 -0.000613210
1.00020  0.000168510
1.00040  0.000184040
1.00060 -0.000184170
1.00080  0.000920540
1.00100  0.000951170
1.00120  0.000184200
1.00140 -0.000215190
1.00160 -0.000599610
1.00180 -0.000215150
1.00200  0.000353670
1.00220  0.000169310
1.00240 -0.000184480
1.00260   0.00109152
1.00280   0.00144502
1.00300      0.00000
1.00320 -0.000538690
1.00340  -0.00130872
1.00360  -0.00149227
1.00380 -0.000200110
1.00400  0.000907950
1.00420   0.00108967
1.00440  0.000168800
1.00460  -0.00167796
1.00480  -0.00129230
1.00500 -1.53900e-05
1.00520 -0.000369660
1.00540  0.000537970
1.00560   0.00109266
1.00580  0.000538980
1.00600 -4.61100e-05
1.00620  0.000507400
1.00640 -0.000416020
1.00660  -0.00130950
1.00680 -0.000168990
1.00700  0.000368520
1.00720  0.000184420
1.00740 -0.000368950
1.00760  0.000153590
1.00780  0.000844510
1.00800  0.000153740
1.00820  0.000552670
1.00840  0.000905930
1.00860 -0.000369180
1.00880 -0.000553220
1.00900 -0.000184310
1.00920 -0.000553050
1.00940 -0.000399470
1.00960 -0.000722340
1.00980 -0.000892900
1.01000 -0.000354420
1.01020 -0.000522890
1.01040      0.00000
1.01060  0.000660830
1.01080  0.000138210
1.01100 -0.000753740
1.01120 -0.000539050
1.01140  0.000184600
1.01160 -0.000169110
1.01180  -0.00119917
1.01200 -0.000891330
1.01220 -0.000199790
1.01240  0.000168910
1.01260  0.000843910
1.01280  0.000184300
1.01300  3.07100e-05
1.01320   0.00102752
1.01340  0.000689380
1.01360  0.000566950
1.01380  0.000214680
1.01400  0.000153370
1.01420  0.000153680
1.01440 -0.000153900
1.01460  4.61100e-05
1.01480      0.00000
1.01500  0.000292440
1.01520  0.000138410
1.01540      0.00000
1.01560 -0.000323600
1.01580 -0.000508510
1.01600  0.000646890
1.01620  0.000800790
1.01640  0.000661240
1.01660 -0.000338630
1.01680 -0.000970610
1.01700  -0.00132362
1.01720 -0.000861990
1.01740 -0.000831500
1.01760  -0.00116958
1.01780  0.000307390
1.01800  0.000122820
1.01820 -4.60500e-05
1.01840  0.000153420
1.01860  0.000168570
1.01880 -1.53400e-05
1.01900  0.000138170
1.01920  0.000827610
1.01940   0.00131722
1.01960  0.000659160
1.01980 -0.000628730
1.02000 -0.000629250
1.02020 -0.000199790
1.02040 -6.14900e-05
1.02060 -0.000877660
1.02080 -0.000847950
1.02100 -0.000323590
1.02120  0.000830500
1.02140   0.00113714
1.02160 -3.07900e-05
1.02180 -0.000200240
1.02200 -3.08100e-05
1.02220 -0.000339620
1.02240 -0.000493360
1.02260  0.000799910
1.02280   0.00158450
1.02300  0.000430570
1.02320 -0.000661920
1.02340  0.000646470
1.02360   0.00126131
1.02380  0.000322760
1.02400  0.000322560
1.02420  0.000291600
1.02440  0.000337470
1.02460  0.000505790
1.02480  0.000627620
1.02500   0.00125858
1.02520  0.000645310
1.02540  0.000168640
1.02560  0.000475450
1.02580  1.53400e-05
1.02600 -0.000459660
1.02620  0.000153190
1.02640  0.000168500
1.02660 -0.000460230
1.02680 -0.000614580
1.02700 -0.000460950
1.02720 -0.000276260
1.02740 -0.000153310
1.02760  0.000460300
1.02780  0.000460420
1.02800  0.000475390
1.02820  0.000783690
1.02840  0.000431090
1.02860 -0.000215170
1.02880 -0.000169000
1.02900  0.000184420
1.02920  3.07100e-05
1.02940 -0.000292070
1.02960 -0.000462100
1.02980 -0.000477670
1.03000  0.000123210
1.03020  0.000123160
1.03040 -0.000630660
1.03060 -0.000307660
1.03080  0.000445710
1.03100      0.00000
1.03120 -0.000799140
1.03140 -0.000199470
1.03160 -0.000168880
1.03180 -0.000629440
1.03200 -0.000153090
1.03220  0.000152820
1.03240  0.000152930
1.03260  0.000459630
1.03280  0.000122840
1.03300 -3.07600e-05
1.03320  0.000891390
1.03340  0.000891530
1.03360  0.000600320
1.03380  0.000446330
1.03400 -0.000676990
1.03420 -0.000215590
1.03440   0.00123140
1.03460  0.000615790
1.03480 -0.000955230
1.03500  -0.00124946
1.03520 -0.000292420
1.03540 -0.000337930
1.03560 -0.000353630
1.03580 -0.000660980
1.03600 -0.000507120
1.03620  0.000138210
1.03640 -0.000138100
1.03660 -0.000153520
1.03680  0.000122930
1.03700 -0.000306960
1.03720  -0.00105911
1.03740      0.00000
1.03760  0.000920990
1.03780  0.000338090
1.03800  0.000830080
1.03820   0.00110461
1.03840  0.000291500
1.03860  0.000445140
1.03880  0.000445410
1.03900      0.00000
1.03920      0.00000
1.03940  0.000292640
1.03960  0.000123080
1.03980 -0.000491860
1.04000  0.000138310
1.04020  0.000276380
1.04040 -0.000322240
1.04060      0.00000
1.04080 -0.000430220
1.04100 -0.000446350
1.04120  0.000261780
1.04140  0.000291970
1.04160 -0.000153820
1.04180  0.000169020
1.04200  0.000475310
1.04220 -0.000138240
1.04240 -0.000722770
1.04260 -0.000584230
1.04280      0.00000
1.04300 -0.000307540
1.04320  -0.00104656
1.04340  -0.00133757
1.04360 -0.000598580
1.04380 -0.000767310
1.04400 -0.000492050
1.04420  0.000568370
1.04440  0.000122940
1.04460 -0.000338200
1.04480 -0.000767850
1.04500  1.53500e-05
1.04520  0.000768260
1.04540 -0.000445860
1.04560 -1.53900e-05
1.04580  0.000862210
1.04600 -0.000354220
1.04620 -0.000307620
1.04640  0.000338090
1.04660  0.000430250
1.04680  0.000706870
1.04700  0.000415430
1.04720  0.000862770
1.04740  0.000862170
1.04760      0.00000
1.04780 -0.000122970
1.04800 -0.000567360
1.04820  -0.00104452
1.04840 -0.000754060
1.04860 -0.000153690
1.04880 -0.000338300
1.04900 -6.15100e-05
1.04920  0.000414650
1.04940  0.000415010
1.04960      0.00000
1.04980 -0.000445090
1.05000 -0.000751430
1.05020 -0.000583020
1.05040  0.000291680
1.05060  0.000138320
1.05080 -0.000122750
1.05100 -0.000597470
1.05120 -0.000460050
1.05140  0.000306610
1.05160 -0.000107440
1.05180 -0.000691060
1.05200 -0.000307440
1.05220 -0.000138320
1.05240 -0.000153370
1.05260 -0.000214950
1.05280 -0.000353380
1.05300  0.000690710
1.05320  0.000721640
1.05340 -0.000630720
1.05360  0.000246040
1.05380   0.00129141
1.05400   0.00115294
1.05420  0.000845250
1.05440  0.000554150
1.05460  0.000584960
1.05480  0.000153800
1.05500 -0.000569420
1.05520 -0.000600380
1.05540 -0.000615190
1.05560 -0.000614700
1.05580  0.000122640
1.05600  0.000306480
1.05620  0.000429840
1.05640  0.000537260
1.05660  0.000153480
1.05680 -0.000276790
1.05700 -0.000169330
1.05720 -0.000307410
1.05740 -0.000153720
1.05760 -0.000307780
1.05780 -0.000400460
1.05800 -0.000245940
1.05820 -0.000830700
1.05840 -0.000554240
1.05860 -0.000553750
1.05880  0.000138570
1.05900  0.000707400
1.05920  0.000292150
1.05940  9.24000e-05
1.05960  0.000107800
1.05980 -1.54000e-05
1.06000  0.000554390
1.06020  0.000829540
1.06040 -0.000153610
1.06060 -0.000877320
1.06080  -0.00101543
1.06100 -0.000568890
1.06120  0.000138520
1.06140 -0.000153730
1.06160 -0.000430000
1.06180 -0.000430280
1.06200 -0.000859950
1.06220 -0.000445480
1.06240 -0.000292440
1.06260 -0.000276760
1.06280  0.000138250
1.06300 -0.000153910
1.06320 -0.000860180
1.06340 -0.000705480
1.06360 -0.000138280
1.06380  0.000538120
1.06400  0.000814480
1.06420      0.00000
1.06440  0.000261570
1.06460  0.000538170
1.06480  3.07300e-05
1.06500 -0.000138340
1.06520 -0.000291810
1.06540 -0.000537960
1.06560  -0.00138716
1.06580 -0.000892260
1.06600  0.000798210
1.06620  0.000153650
1.06640 -0.000814580
1.06660  1.53600e-05
1.06680   0.00127425
1.06700  0.000691820
1.06720 -0.000430700
1.06740  0.000122940
1.06760 -0.000460960
1.06780 -0.000476330
1.06800  0.000644850
1.06820  0.000291650
1.06840  3.06900e-05
1.06860  0.000399170
1.06880  0.000952210
1.06900   0.00108855
1.06920  0.000797940
1.06940  0.000936010
1.06960  0.000537310
1.06980  0.000122990
1.07000 -1.53900e-05
1.07020  0.000276780
1.07040  0.000414990
1.07060  0.000261340
1.07080  0.000705920
1.07100  0.000153580
1.07120 -0.000584070
1.07140 -0.000568890
1.07160 -0.000415070
1.07180 -1.53500e-05
1.07200 -0.000322150
1.07220 -0.000689940
1.07240 -0.000398550
1.07260 -0.000291520
1.07280 -0.000168970
1.07300  0.000260950
1.07320 -1.53500e-05
1.07340 -1.53600e-05
1.07360  0.000919310
1.07380  0.000950550
1.07400  0.000430310
1.07420  0.000568150
1.07440  0.000553170
1.07460 -1.54000e-05
1.07480 -0.000292200
1.07500 -0.000553120
1.07520 -0.000292230
1.07540  0.000261450
1.07560  0.000261600
1.07580  0.000384840
1.07600  0.000261130
1.07620  0.000291790
1.07640  3.07500e-05
1.07660      0.00000
1.07680  0.000260920
1.07700  0.000537990
1.07720  0.000800200
1.07740 -0.000153840
1.07760 -0.000568930
1.07780 -0.000184600
1.07800 -0.000476840
1.07820 -0.000292230
1.07840  0.000122960
1.07860 -0.000138100
1.07880 -0.000122680
1.07900 -0.000414480
1.07920 -0.000937670
1.07940 -0.000261500
1.07960  0.000538550
1.07980  0.000384090
1.08000  0.000414800
1.08020  0.000277160
1.08040 -0.000831270
1.08060  -0.00107742
1.08080 -0.000123220
1.08100  0.000138420
1.08120  3.07300e-05
1.08140 -9.22700e-05
1.08160  0.000291990
1.08180  0.000415150
1.08200      0.00000
1.08220  0.000292170
1.08240  1.53800e-05
1.08260 -0.000554080
1.08280 -0.000276470
1.08300  0.000567640
1.08320  0.000706350
1.08340 -0.000276870
1.08360 -0.000138580
1.08380  0.000584460
1.08400  0.000122870
1.08420 -0.000184360
1.08440 -0.000414870
1.08460 -0.000398660
1.08480  0.000275710
1.08500  0.000659610
1.08520  0.000798210
1.08540 -0.000138080
1.08560 -0.000414720
1.08580  0.000383990
1.08600  0.000966130
1.08620  0.000828380
1.08640  0.000383770
1.08660   0.00109001
1.08680  0.000952910
1.08700  0.000844070
1.08720  0.000981160
1.08740  0.000829050
1.08760  0.000950810
1.08780 -1.53400e-05
1.08800 -0.000414610
1.08820  0.000122780
1.08840  0.000705830
1.08860  0.000830000
1.08880  9.21800e-05
1.08900 -0.000307020
1.08920 -0.000691970
1.08940  0.000276370
1.08960   0.00124306
1.08980  0.000692540
1.09000  0.000400130
1.09020  0.000261350
1.09040  0.000661330
1.09060  0.000507780
1.09080 -0.000430330
1.09100  0.000306980
1.09120   0.00127323
1.09140  0.000353500
1.09160  0.000215200
1.09180  0.000675650
1.09200  0.000306850
1.09220  1.53200e-05
1.09240  0.000153340
1.09260  0.000291550
1.09280  0.000261430
1.09300 -0.000138480
1.09320 -0.000291820
1.09340 -0.000568200
1.09360  -0.00139865
1.09380 -0.000537180
1.09400  0.000444810
1.09420 -0.000138260
1.09440 -0.000430520
1.09460  0.000153610
1.09480  0.000568130
1.09500 -0.000414830
1.09520 -0.000521990
1.09540  0.000706400
1.09560  0.000261360
1.09580 -0.000276880
1.09600  1.53900e-05
1.09620  1.54100e-05
1.09640 -0.000138470
1.09660 -0.000292040
1.09680  1.53700e-05
1.09700 -0.000184490
1.09720 -0.000476730
1.09740 -0.000414800
1.09760 -0.000831550
1.09780 -0.000570070
1.09800  0.000123120
1.09820 -0.000169190
1.09840 -0.000168960
1.09860  0.000122800
1.09880 -0.000429770
1.09900 -0.000430390
1.09920  0.000399740
1.09940  0.000553430
1.09960 -1.54000e-05
1.09980 -0.000584910
1.10000 -0.000307260
1.10020  0.000122910
1.10040  0.000414220
1.10060  0.000551710
1.10080  0.000690970
1.10100  0.000828800
1.10120  0.000660050
1.10140  0.000522320
1.10160  0.000414360
1.10180  3.07200e-05
1.10200 -0.000169440
1.10220  0.000230920
1.10240  0.000153910
1.10260  0.000431250
1.10280  0.000831370
1.10300      0.00000
1.10320 -1.53800e-05
1.10340  0.000814590
1.10360  0.000690520
1.10380 -0.000399950
1.10400 -0.000708510
1.10420  0.000107750
1.10440  0.000123080
1.10460 -0.000430190
1.10480 -0.000429900
1.10500 -1.53600e-05
1.10520  0.000783240
1.10540   0.00118283
1.10560   0.00104586
1.10580   0.00104396
1.10600  0.000659110
1.10620 -3.06900e-05
1.10640      0.00000
1.10660  0.000290930
1.10680 -0.000306640
1.10700  0.000796920
1.10720  0.000826910
1.10740  0.000260680
1.10760  0.000674250
1.10780 -0.000444420
1.10800 -0.000461150
1.10820  0.000123000
1.10840  0.000537750
1.10860  0.000631740
1.10880  0.000231440
1.10900 -0.000308360
1.10920 -0.000292910
1.10940  0.000400350
1.10960  0.000369220
1.10980  0.000230580
1.11000  0.000491850
1.11020  0.000492520
1.11040  0.000230870
1.11060  0.000368940
1.11080  0.000766740
1.11100 -1.53400e-05
1.11120 -0.000276820
1.11140 -0.000292240
1.11160 -0.000414880
1.11180 -1.53700e-05
1.11200  0.000291660
1.11220   0.00108837
1.11240  0.000659230
1.11260  0.000367720
1.11280      0.00000
1.11300 -0.000522210
1.11320  1.53500e-05
1.11340 -1.53700e-05
1.11360  0.000323100
1.11380  0.000767650
1.11400  0.000368330
1.11420  0.000107510
1.11440 -3.07300e-05
1.11460  0.000353530
1.11480   0.00101468
1.11500  0.000906380
1.11520  0.000553070
1.11540  0.000676360
1.11560  0.000522430
1.11580 -1.53600e-05
1.11600 -1.53800e-05
1.11620  0.000630080
1.11640   0.00101243
1.11660  0.000383880
1.11680 -0.000353330
1.11700  3.06900e-05
1.11720  0.000245620
1.11740  0.000475800
1.11760  0.000490640
1.11780  1.53400e-05
1.11800 -1.53500e-05
1.11820 -0.000307200
1.11840 -0.000552710
1.11860 -1.53300e-05
1.11880  0.000367620
1.11900 -0.000122700
1.11920 -0.000168780
1.11940  0.000214610
1.11960      0.00000
1.11980  0.000261100
1.12000  0.000353050
1.12020  9.20900e-05
1.12040 -0.000245800
1.12060  0.000261040
1.12080   0.00110775
1.12100   0.00110888
1.12120  0.000508090
1.12140  0.000246610
1.12160  0.000123160
1.12180 -0.000230560
1.12200  0.000738060
1.12220  0.000861860
1.12240  0.000123070
1.12260  0.000230460
1.12280 -0.000153650
1.12300 -0.000506640
1.12320 -0.000767740
1.12340 -0.000430280
1.12360  0.000813830
1.12380  0.000461500
1.12400  0.000230880
1.12420  0.000615150
1.12440 -0.000246260
1.12460 -0.000246030
1.12480  0.000230450
1.12500  0.000460810
1.12520   0.00116712
1.12540  0.000936990
1.12560 -1.53700e-05
1.12580 -0.000722060
1.12600  0.000122820
1.12620  0.000583480
1.12640 -1.53500e-05
1.12660  0.000353520
1.12680  0.000477120
1.12700      0.00000
1.12720  9.22600e-05
1.12740  0.000707810
1.12760  0.000830230
1.12780  0.000598490
1.12800 -3.07500e-05
1.12820  7.69800e-05
1.12840  0.000677490
1.12860  0.000924290
1.12880  0.000677460
1.12900  9.23800e-05
1.12920  0.000338490
1.12940  0.000446060
1.12960  0.000215410
1.12980 -0.000246330
1.13000 -0.000462350
1.13020  0.000338490
1.13040  0.000215340
1.13060 -3.07800e-05
1.13080  0.000445480
1.13100  0.000444960
1.13120  0.000337420
1.13140  0.000214970
1.13160  0.000199880
1.13180  9.22100e-05
1.13200  0.000199630
1.13220  0.000660010
1.13240  0.000307140
1.13260  0.000430020
1.13280   0.00112149
1.13300   0.00100042
1.13320  0.000647270
1.13340  0.000184890
1.13360  9.24400e-05
1.13380  9.24200e-05
1.13400  9.25000e-05
1.13420  9.25200e-05
1.13440  0.000647090
1.13460  0.000987210
1.13480  0.000894550
1.13500  0.000800900
1.13520  0.000554250
1.13540   0.00121564
1.13560  0.000999790
1.13580  0.000399860
1.13600   0.00124435
1.13620   0.00168890
1.13640   0.00155178
1.13660   0.00145995
1.13680   0.00142802
1.13700   0.00153457
1.13720  0.000951950
1.13740  0.000830280
1.13760   0.00155293
1.13780   0.00178295
1.13800  0.000983650
1.13820  0.000537900
1.13840   0.00120036
1.13860   0.00143089
1.13880   0.00189022
1.13900   0.00189226
1.13920   0.00175763
1.13940   0.00163300
1.13960   0.00130956
1.13980   0.00120175
1.14000   0.00118488
1.14020   0.00175520
1.14040   0.00207758
1.14060   0.00185999
1.14080   0.00118450
1.14100   0.00207602
1.14120   0.00285808
1.14140   0.00264291
1.14160   0.00285604
1.14180   0.00318968
1.14200   0.00329636
1.14220   0.00271569
1.14240   0.00250271
1.14260   0.00272202
1.14280   0.00247374
1.14300   0.00294790
1.14320   0.00327311
1.14340   0.00316357
1.14360   0.00362026
1.14380   0.00406488
1.14400   0.00395081
1.14420   0.00383214
1.14440   0.00476042
1.14460   0.00441045
1.14480   0.00414832
1.14500   0.00483860
1.14520   0.00496451
1.14540   0.00505580
1.14560   0.00596210
1.14580   0.00616731
1.14600   0.00559765
1.14620   0.00616102
1.14640   0.00625539
1.14660   0.00634462
1.14680   0.00646120
1.14700   0.00714657
1.14720   0.00814734
1.14740   0.00813243
1.14760   0.00858651
1.14780   0.00879297
1.14800   0.00855456
1.14820   0.00944953
1.14840    0.0100089
1.14860    0.0100366
1.14880    0.0103737
1.14900    0.0106697
1.14920    0.0112411
1.14940    0.0112120
1.14960    0.0117504
1.14980    0.0131844
1.15000    0.0134200
1.15020    0.0134104
1.15040    0.0144195
1.15060    0.0153222
1.15080    0.0156643
1.15100    0.0162456
1.15120    0.0170341
1.15140    0.0175617
1.15160    0.0180553
1.15180    0.0187389
1.15200    0.0196864
1.15220    0.0206654
1.15240    0.0212152
1.15260    0.0217003
1.15280    0.0235700
1.15300    0.0247003
1.15320    0.0250186
1.15340    0.0257018
1.15360    0.0266059
1.15380    0.0282252
1.15400    0.0295612
1.15420    0.0308294
1.15440    0.0323054
1.15460    0.0336956
1.15480    0.0350907
1.15500    0.0360007
1.15520    0.0373061
1.15540    0.0394917
1.15560    0.0409398
1.15580    0.0421708
1.15600    0.0441170
1.15620    0.0460787
1.15640    0.0478204
1.15660    0.0497364
1.15680    0.0523972
1.15700    0.0546208
1.15720    0.0566471
1.15740    0.0594113
1.15760    0.0620834
1.15780    0.0658918
1.15800    0.0687127
1.15820    0.0711182
1.15840    0.0751343
1.15860    0.0776362
1.15880    0.0808897
1.15900    0.0858070
1.15920    0.0889883
1.15940    0.0927834
1.15960    0.0983743
1.15980     0.102811
1.16000     0.107165
1.16020     0.113473
1.16040     0.118683
1.16060     0.123147
1.16080     0.130165
1.16100     0.136527
1.16120     0.141930
1.16140     0.150202
1.16160     0.157794
1.16180     0.165266
1.16200     0.174978
1.16220     0.182515
1.16240     0.190540
1.16260     0.200925
1.16280     0.210394
1.16300     0.219630
1.16320     0.230656
1.16340     0.241692
1.16360     0.254804
1.16380     0.268726
1.16400     0.280951
1.16420     0.293732
1.16440     0.306815
1.16460     0.323266
1.16480     0.338124
1.16500     0.354057
1.16520     0.372375
1.16540     0.386052
1.16560     0.404200
1.16580     0.421260
1.16600     0.437186
1.16620     0.457980
1.16640     0.473209
1.16660     0.490555
1.16680     0.510926
1.16700     0.530948
1.16720     0.551418
1.16740     0.567954
1.16760     0.587747
1.16780     0.605254
1.16800     0.620486
1.16820     0.639837
1.16840     0.655371
1.16860     0.672370
1.16880     0.692703
1.16900     0.706343
1.16920     0.718613
1.16940     0.731910
1.16960     0.743513
1.16980     0.755702
1.17000     0.766848
1.17020     0.776602
1.17040     0.787031
1.17060     0.796401
1.17080     0.804570
1.17100     0.809894
1.17120     0.812978
1.17140     0.816357
1.17160     0.820870
1.17180     0.825682
1.17200     0.828245
1.17220     0.829974
1.17240     0.831301
1.17260     0.831955
1.17280     0.831360
1.17300     0.832028
1.17320     0.831691
1.17340     0.830248
1.17360     0.829586
1.17380     0.828771
1.17400     0.827101
1.17420     0.825071
1.17440     0.821628
1.17460     0.818939
1.17480     0.819408
1.17500     0.817037
1.17520     0.814276
1.17540     0.813231
1.17560     0.810057
1.17580     0.806574
1.17600     0.804713
1.17620     0.802651
1.17640     0.801727
1.17660     0.799866
1.17680     0.796568
1.17700     0.794974
1.17720     0.794249
1.17740     0.792560
1.17760     0.789977
1.17780     0.790171
1.17800     0.789868
1.17820     0.788420
1.17840     0.788196
1.17860     0.787391
1.17880     0.786348
1.17900     0.786008
1.17920     0.785177
1.17940     0.784135
1.17960     0.785985
1.17980     0.787348
1.18000     0.787526
1.18020     0.788289
1.18040     0.787971
1.18060     0.787141
1.18080     0.788165
1.18100     0.789307
1.18120     0.789083
1.18140     0.790595
1.18160     0.791765
1.18180     0.791515
1.18200     0.792675
1.18220     0.793223
1.18240     0.793451
1.18260     0.796070
1.18280     0.797933
1.18300     0.799014
1.18320     0.801538
1.18340     0.802409
1.18360     0.801924
1.18380     0.801405
1.18400     0.801806
1.18420     0.801596
1.18440     0.803105
1.18460     0.806271
1.18480     0.807932
1.18500     0.808015
1.18520     0.808172
1.18540     0.809380
1.18560     0.809854
1.18580     0.811786
1.18600     0.812629
1.18620     0.813423
1.18640     0.816356
1.18660     0.816118
1.18680     0.813539
1.18700     0.815280
1.18720     0.817636
1.18740     0.818511
1.18760     0.820743
1.18780     0.820521
1.18800     0.819332
1.18820     0.821205
1.18840     0.820146
1.18860     0.817429
1.18880     0.819171
1.18900     0.820204
1.18920     0.819929
1.18940     0.821845
1.18960     0.822400
1.18980     0.820584
1.19000     0.820751
1.19020     0.820615
1.19040     0.819069
1.19060     0.819464
1.19080     0.820742
1.19100     0.820968
1.19120     0.820667
1.19140     0.820029
1.19160     0.819092
1.19180     0.819013
1.19200     0.818549
1.19220     0.817939
1.19240     0.820375
1.19260     0.820751
1.19280     0.818032
1.19300     0.817586
1.19320     0.818466
1.19340     0.817395
1.19360     0.818101
1.19380     0.818933
1.19400     0.817862
1.19420     0.818290
1.19440     0.818723
1.19460     0.817337
1.19480     0.818080
1.19500     0.819381
1.19520     0.818327
1.19540     0.818231
1.19560     0.819652
1.19580     0.821515
1.19600     0.821748
1.19620     0.822430
1.19640     0.820881
1.19660     0.820256
1.19680     0.822119
1.19700     0.822875
1.19720     0.823472
1.19740     0.825257
1.19760     0.825514
1.19780     0.824039
1.19800     0.826067
1.19820     0.827111
1.19840     0.826843
1.19860     0.828700
1.19880     0.830149
1.19900     0.830873
1.19920     0.833409
1.19940     0.833997
1.19960     0.833111
1.19980     0.835315
1.20000     0.836008
1.20020     0.836882
1.20040     0.840233
1.20060     0.840820
1.20080     0.840472
1.20100     0.843030
1.20120     0.844190
1.20140     0.843891
1.20160     0.846345
1.20180     0.848825
1.20200     0.849893
1.20220     0.852287
1.20240     0.852636
1.20260     0.852026
1.20280     0.856132
1.20300     0.857392
1.20320     0.856555
1.20340     0.860778
1.20360     0.862338
1.20380     0.859949
1.20400     0.861308
1.20420     0.864118
1.20440     0.864163
1.20460     0.865613
1.20480     0.867831
1.20500     0.868038
1.20520     0.870190
1.20540     0.871647
1.20560     0.869529
1.20580     0.872056
1.20600     0.875283
1.20620     0.873113
1.20640     0.873787
1.20660     0.876730
1.20680     0.877119
1.20700     0.875672
1.20720     0.875736
1.20740     0.876703
1.20760     0.877726
1.20780     0.877975
1.20800     0.877328
1.20820     0.877206
1.20840     0.878009
1.20860     0.877927
1.20880     0.876833
1.20900     0.878426
1.20920     0.879375
1.20940     0.878844
1.20960     0.878915
1.20980     0.878498
1.21000     0.876465
1.21020     0.876396
1.21040     0.875412
1.21060     0.873495
1.21080     0.875034
1.21100     0.874296
1.21120     0.870992
1.21140     0.871589
1.21160     0.871163
1.21180     0.868360
1.21200     0.869746
1.21220     0.869336
1.21240     0.865943
1.21260     0.866126
1.21280     0.864262
1.21300     0.860283
1.21320     0.860149
1.21340     0.860091
1.21360     0.858275
1.21380     0.858459
1.21400     0.857394
1.21420     0.854107
1.21440     0.852464
1.21460     0.852223
1.21480     0.850078
1.21500     0.849831
1.21520     0.850654
1.21540     0.848021
1.21560     0.846976
1.21580     0.845688
1.21600     0.842149
1.21620     0.840481
1.21640     0.840966
1.21660     0.840079
1.21680     0.839474
1.21700     0.837945
1.21720     0.835428
1.21740     0.833924
1.21760     0.833174
1.21780     0.832157
1.21800     0.832233
1.21820     0.830375
1.21840     0.827777
1.21860     0.829249
1.21880     0.828246
1.21900     0.824525
1.21920     0.823141
1.21940     0.824536
1.21960     0.824458
1.21980     0.824606
1.22000     0.824782
1.22020     0.822712
1.22040     0.821649
1.22060     0.821137
1.22080     0.821203
1.22100     0.820925
1.22120     0.820921
1.22140     0.820652
1.22160     0.820580
1.22180     0.820230
1.22200     0.818945
1.22220     0.817584
1.22240     0.818325
1.22260     0.819715
1.22280     0.820139
1.22300     0.819315
1.22320     0.817283
1.22340     0.816442
1.22360     0.818628
1.22380     0.820426
1.22400     0.818601
1.22420     0.819792
1.22440     0.820461
1.22460     0.819217
1.22480     0.820551
1.22500     0.821314
1.22520     0.821196
1.22540     0.822973
1.22560     0.824072
1.22580     0.824361
1.22600     0.827149
1.22620     0.826832
1.22640     0.824184
1.22660     0.825961
1.22680     0.827802
1.22700     0.828267
1.22720     0.830016
1.22740     0.830984
1.22760     0.829976
1.22780     0.831583
1.22800     0.830586
1.22820     0.829136
1.22840     0.832325
1.22860     0.834436
1.22880     0.835600
1.22900     0.836554
1.22920     0.836152
1.22940     0.835120
1.22960     0.836958
1.22980     0.839103
1.23000     0.839915
1.23020     0.842315
1.23040     0.844236
1.23060     0.842566
1.23080     0.842493
1.23100     0.843191
1.23120     0.842605
1.23140     0.845349
1.23160     0.847487
1.23180     0.847494
1.23200     0.849393
1.23220     0.850563
1.23240     0.849701
1.23260     0.849972
1.23280     0.851159
1.23300     0.852737
1.23320     0.854548
1.23340     0.856090
1.23360     0.855978
1.23380     0.855998
1.23400     0.857691
1.23420     0.856888
1.23440     0.856091
1.23460     0.858794
1.23480     0.860023
1.23500     0.859756
1.23520     0.861226
1.23540     0.859410
1.23560     0.856762
1.23580     0.860469
1.23600     0.862613
1.23620     0.859895
1.23640     0.862950
1.23660     0.865415
1.23680     0.862143
1.23700     0.862862
1.23720     0.862581
1.23740     0.860780
1.23760     0.863302
1.23780     0.864518
1.23800     0.863105
1.23820     0.864947
1.23840     0.864760
1.23860     0.860972
1.23880     0.862592
1.23900     0.863319
1.23920     0.862064
1.23940     0.864771
1.23960     0.866315
1.23980     0.864446
1.24000     0.864806
1.24020     0.863707
1.24040     0.861821
1.24060     0.864606
1.24080     0.865303
1.24100     0.863114
1.24120     0.864071
1.24140     0.864513
1.24160     0.862063
1.24180     0.860830
1.24200     0.861986
1.24220     0.863135
1.24240     0.863223
1.24260     0.862601
1.24280     0.861209
1.24300     0.861291
1.24320     0.861143
1.24340     0.859248
1.24360     0.858927
1.24380     0.860641
1.24400     0.860770
1.24420     0.860938
1.24440     0.861757
1.24460     0.859900
1.24480     0.857359
1.24500     0.857692
1.24520     0.859022
1.24540     0.859868
1.24560     0.860407
1.24580     0.860469
1.24600     0.859811
1.24620     0.859293
1.24640     0.859722
1.24660     0.858766
1.24680     0.860427
1.24700     0.862642
1.24720     0.860257
1.24740     0.860269
1.24760     0.859852
1.24780     0.858310
1.24800     0.860027
1.24820     0.860492
1.24840     0.859553
1.24860     0.860203
1.24880     0.860686
1.24900     0.859510
1.24920     0.861157
1.24940     0.862204
1.24960     0.859591
1.24980     0.861183
1.25000     0.862864
1.25020     0.860551
1.25040     0.862041
1.25060     0.863471
1.25080     0.862243
1.25100     0.863627
1.25120     0.864007
1.25140     0.863505
1.25160     0.865657
1.25180     0.866214
1.25200     0.864365
1.25220     0.865352
1.25240     0.866628
1.25260     0.867738
1.25280     0.868992
1.25300     0.870599
1.25320     0.870805
1.25340     0.870985
1.25360     0.871631
1.25380     0.869816
1.25400     0.871381
1.25420     0.872885
1.25440     0.872369
1.25460     0.873469
1.25480     0.875334
1.25500     0.876367
1.25520     0.876707
1.25540     0.877869
1.25560     0.878807
1.25580     0.877804
1.25600     0.877643
1.25620     0.878939
1.25640     0.880232
1.25660     0.881718
1.25680     0.881453
1.25700     0.881932
1.25720     0.883488
1.25740     0.883662
1.25760     0.884950
1.25780     0.887448
1.25800     0.888862
1.25820     0.888037
1.25840     0.889060
1.25860     0.891111
1.25880     0.891490
1.25900     0.892228
1.25920     0.893100
1.25940     0.893973
1.25960     0.896638
1.25980     0.897296
1.26000     0.895450
1.26020     0.896147
1.26040     0.897849
1.26060     0.897979
1.26080     0.899818
1.26100     0.902117
1.26120     0.900817
1.26140     0.902031
1.26160     0.903761
1.26180     0.901933
1.26200     0.904219
1.26220     0.905550
1.26240     0.904303
1.26260     0.908339
1.26280     0.909042
1.26300     0.906015
1.26320     0.909004
1.26340     0.910467
1.26360     0.908781
1.26380     0.911251
1.26400     0.913265
1.26420     0.912894
1.26440     0.914652
1.26460     0.915259
1.26480     0.912805
1.26500     0.914747
1.26520     0.916168
1.26540     0.915750
1.26560     0.918711
1.26580     0.920357
1.26600     0.917933
1.26620     0.918273
1.26640     0.919155
1.26660     0.918485
1.26680     0.919645
1.26700     0.920933
1.26720     0.921093
1.26740     0.921814
1.26760     0.923304
1.26780     0.923075
1.26800     0.923092
1.26820     0.924487
1.26840     0.924820
1.26860     0.924506
1.26880     0.926210
1.26900     0.926741
1.26920     0.927857
1.26940     0.927943
1.26960     0.926199
1.26980     0.926690
1.27000     0.928012
1.27020     0.928298
1.27040     0.927583
1.27060     0.928059
1.27080     0.929593
1.27100     0.929580
1.27120     0.929553
1.27140     0.930157
1.27160     0.929916
1.27180     0.930905
1.27200     0.932258
1.27220     0.931635
1.27240     0.932747
1.27260     0.933012
1.27280     0.929655
1.27300     0.929506
1.27320     0.930980
1.27340     0.930129
1.27360     0.932734
1.27380     0.935175
1.27400     0.932868
1.27420     0.932227
1.27440     0.931858
1.27460     0.929698
1.27480     0.930715
1.27500     0.933133
1.27520     0.931992
1.27540     0.932475
1.27560     0.931791
1.27580     0.928244
1.27600     0.929434
1.27620     0.929309
1.27640     0.927386
1.27660     0.929180
1.27680     0.930352
1.27700     0.929768
1.27720     0.931200
1.27740     0.930125
1.27760     0.927161
1.27780     0.928066
1.27800     0.928482
1.27820     0.927737
1.27840     0.929458
1.27860     0.928902
1.27880     0.925669
1.27900     0.925638
1.27920     0.925511
1.27940     0.924538
1.27960     0.924980
1.27980     0.925857
1.28000     0.925579
1.28020     0.923972
1.28040     0.921048
1.28060     0.919671
1.28080     0.920183
1.28100     0.921005
1.28120     0.921307
1.28140     0.920872
1.28160     0.920178
1.28180     0.917231
1.28200     0.914722
1.28220     0.914257
1.28240     0.913936
1.28260     0.915288
1.28280     0.915752
1.28300     0.914252
1.28320     0.913603
1.28340     0.911598
1.28360     0.910111
1.28380     0.911025
1.28400     0.911399
1.28420     0.911427
1.28440     0.910296
1.28460     0.908355
1.28480     0.907117
1.28500     0.905015
1.28520     0.903453
1.28540     0.904261
1.28560     0.905812
1.28580     0.905643
1.28600     0.903189
1.28620     0.900626
1.28640     0.900065
1.28660     0.898295
1.28680     0.897884
1.28700     0.901138
1.28720     0.900563
1.28740     0.896918
1.28760     0.895553
1.28780     0.894771
1.28800     0.893363
1.28820     0.893795
1.28840     0.894097
1.28860     0.891691
1.28880     0.891839
1.28900     0.891578
1.28920     0.887766
1.28940     0.887864
1.28960     0.889019
1.28980     0.887293
1.29000     0.887518
1.29020     0.887211
1.29040     0.885324
1.29060     0.885961
1.29080     0.885085
1.29100     0.883184
1.29120     0.885030
1.29140     0.884662
1.29160     0.882874
1.29180     0.883915
1.29200     0.884009
1.29220     0.881448
1.29240     0.880301
1.29260     0.880788
1.29280     0.881472
1.29300     0.881999
1.29320     0.881279
1.29340     0.880817
1.29360     0.879619
1.29380     0.877503
1.29400     0.876735
1.29420     0.877275
1.29440     0.877380
1.29460     0.875621
1.29480     0.875206
1.29500     0.875615
1.29520     0.873410
1.29540     0.872697
1.29560     0.873983
1.29580     0.874504
1.29600     0.875143
1.29620     0.874446
1.29640     0.873985
1.29660     0.874875
1.29680     0.874493
1.29700     0.874332
1.29720     0.873599
1.29740     0.873401
1.29760     0.873773
1.29780     0.873230
1.29800     0.872899
1.29820     0.873857
1.29840     0.872409
1.29860     0.869987
1.29880     0.869379
1.29900     0.869459
1.29920     0.870298
1.29940     0.869769
1.29960     0.869363
1.29980     0.869212
1.30000     0.867998
1.30020     0.867951
1.30040     0.868368
1.30060     0.869248
1.30080     0.868969
1.30100     0.867895
1.30120     0.867498
1.30140     0.865585
1.30160     0.864971
1.30180     0.864739
1.30200     0.865765
1.30220     0.866397
1.30240     0.864785
1.30260     0.863641
1.30280     0.861635
1.30300     0.860550
1.30320     0.860276
1.30340     0.859403
1.30360     0.859425
1.30380     0.859251
1.30400     0.858575
1.30420     0.858636
1.30440     0.857653
1.30460     0.855614
1.30480     0.855356
1.30500     0.855104
1.30520     0.853937
1.30540     0.853522
1.30560     0.852439
1.30580     0.850314
1.30600     0.848665
1.30620     0.849350
1.30640     0.847849
1.30660     0.846905
1.30680     0.847961
1.30700     0.845161
1.30720     0.844856
1.30740     0.843848
1.30760     0.842571
1.30780     0.843735
1.30800     0.842718
1.30820     0.841763
1.30840     0.841774
1.30860     0.840985
1.30880     0.838294
1.30900     0.837269
1.30920     0.837832
1.30940     0.838286
1.30960     0.838983
1.30980     0.839594
1.31000     0.838056
1.31020     0.837208
1.31040     0.837155
1.31060     0.834696
1.31080     0.833982
1.31100     0.835516
1.31120     0.834995
1.31140     0.834686
1.31160     0.835641
1.31180     0.834216
1.31200     0.833090
1.31220     0.833739
1.31240     0.835365
1.31260     0.835506
1.31280     0.835599
1.31300     0.837447
1.31320     0.837922
1.31340     0.838457
1.31360     0.838935
1.31380     0.840555
1.31400     0.842916
1.31420     0.843578
1.31440     0.844578
1.31460     0.847239
1.31480     0.847549
1.31500     0.848224
1.31520     0.850097
1.31540     0.850516
1.31560     0.853136
1.31580     0.856424
1.31600     0.857481
1.31620     0.859718
1.31640     0.862230
1.31660     0.863524
1.31680     0.865038
1.31700     0.867324
1.31720     0.869602
1.31740     0.870760
1.31760     0.873228
1.31780     0.876630
1.31800     0.879268
1.31820     0.881782
1.31840     0.881804
1.31860     0.882548
1.31880     0.886060
1.31900     0.888232
1.31920     0.888254
1.31940     0.891305
1.31960     0.893740
1.31980     0.892558
1.32000     0.893993
1.32020     0.895030
1.32040     0.895271
1.32060     0.895822
1.32080     0.895986
1.32100     0.893304
1.32120     0.891777
1.32140     0.889591
1.32160     0.885453
1.32180     0.882193
1.32200     0.879649
1.32220     0.875140
1.32240     0.870822
1.32260     0.865422
1.32280     0.856119
1.32300     0.849135
1.32320     0.842122
1.32340     0.832961
1.32360     0.823458
1.32380     0.812566
1.32400     0.799244
1.32420     0.786793
1.32440     0.777435
1.32460     0.764262
1.32480     0.747548
1.32500     0.734425
1.32520     0.718288
1.32540     0.701279
1.32560     0.685237
1.32580     0.666387
1.32600     0.648447
1.32620     0.631387
1.32640     0.616274
1.32660     0.600329
1.32680     0.579180
1.32700     0.561090
1.32720     0.543777
1.32740     0.523869
1.32760     0.505991
1.32780     0.486397
1.32800     0.468159
1.32820     0.452663
1.32840     0.436789
1.32860     0.418871
1.32880     0.400825
1.32900     0.385848
1.32920     0.368782
1.32940     0.353852
1.32960     0.341527
1.32980     0.324690
1.33000     0.310860
1.33020     0.299006
1.33040     0.284954
1.33060     0.274802
1.33080     0.263486
1.33100     0.249609
1.33120     0.238996
1.33140     0.229322
1.33160     0.218514
1.33180     0.208581
1.33200     0.200136
1.33220     0.191228
1.33240     0.182704
1.33260     0.175528
1.33280     0.167203
1.33300     0.159748
1.33320     0.153587
1.33340     0.146197
1.33360     0.140320
1.33380     0.134145
1.33400     0.127358
1.33420     0.122593
1.33440     0.118147
1.33460     0.112947
1.33480     0.108343
1.33500     0.103837
1.33520    0.0985753
1.33540    0.0947733
1.33560    0.0912243
1.33580    0.0855923
1.33600    0.0828014
1.33620    0.0814532
1.33640    0.0776551
1.33660    0.0745535
1.33680    0.0721236
1.33700    0.0694598
1.33720    0.0667024
1.33740    0.0638772
1.33760    0.0617860
1.33780    0.0589555
1.33800    0.0567251
1.33820    0.0550247
1.33840    0.0525558
1.33860    0.0511276
1.33880    0.0487555
1.33900    0.0467642
1.33920    0.0453621
1.33940    0.0433435
1.33960    0.0414462
1.33980    0.0394410
1.34000    0.0385455
1.34020    0.0382320
1.34040    0.0366236
1.34060    0.0348687
1.34080    0.0337927
1.34100    0.0327130
1.34120    0.0315594
1.34140    0.0301674
1.34160    0.0297219
1.34180    0.0286872
1.34200    0.0265735
1.34220    0.0262969
1.34240    0.0258582
1.34260    0.0243707
1.34280    0.0238462
1.34300    0.0230541
1.34320    0.0217840
1.34340    0.0220801
1.34360    0.0219630
1.34380    0.0208509
1.34400    0.0202911
1.34420    0.0195915
1.34440    0.0191708
1.34460    0.0188963
1.34480    0.0175242
1.34500    0.0161708
1.34520    0.0162012
1.34540    0.0159299
1.34560    0.0160054
1.34580    0.0160553
1.34600    0.0149416
1.34620    0.0144600
1.34640    0.0142226
1.34660    0.0138210
1.34680    0.0133048
1.34700    0.0125941
1.34720    0.0128347
1.34740    0.0124207
1.34760    0.0119807
1.34780    0.0119633
1.34800    0.0115582
1.34820    0.0112797
1.34840    0.0114327
1.34860    0.0114513
1.34880    0.0104669
1.34900    0.0100334
1.34920   0.00976209
1.34940   0.00937155
1.34960   0.00927544
1.34980   0.00895855
1.35000   0.00883905
1.35020   0.00916034
1.35040   0.00877048
1.35060   0.00778387
1.35080   0.00776977
1.35100   0.00808018
1.35120   0.00810228
1.35140   0.00770249
1.35160   0.00697468
1.35180   0.00655249
1.35200   0.00671842
1.35220   0.00718401
1.35240   0.00690182
1.35260   0.00708885
1.35280   0.00727278
1.35300   0.00746919
1.35320   0.00706116
1.35340   0.00636732
1.35360   0.00611649
1.35380   0.00552994
1.35400   0.00538187
1.35420   0.00567791
1.35440   0.00599079
1.35460   0.00583118
1.35480   0.00563521
1.35500   0.00529692
1.35520   0.00516290
1.35540   0.00467838
1.35560   0.00467845
1.35580   0.00484634
1.35600   0.00498902
1.35620   0.00591239
1.35640   0.00639420
1.35660   0.00498560
1.35680   0.00343722
1.35700   0.00360843
1.35720   0.00392197
1.35740   0.00426430
1.35760   0.00442804
1.35780   0.00383314
1.35800   0.00432911
1.35820   0.00549469
1.35840   0.00536303
1.35860   0.00487644
1.35880   0.00393544
1.35900   0.00282358
1.35920   0.00311436
1.35940   0.00425767
1.35960   0.00499369
1.35980   0.00423607
1.36000   0.00314461
1.36020   0.00372697
1.36040   0.00428184
1.36060   0.00394331
1.36080   0.00322647
1.36100   0.00374324
1.36120   0.00317407
1.36140   0.00310532
1.36160   0.00393816
1.36180   0.00336201
1.36200   0.00346284
1.36220   0.00344196
1.36240   0.00347476
1.36260   0.00318025
1.36280   0.00324080
1.36300   0.00296413
1.36320   0.00212614
1.36340   0.00265466
1.36360   0.00301773
1.36380   0.00271947
1.36400   0.00321672
1.36420   0.00298648
1.36440   0.00313245
1.36460   0.00397605
1.36480   0.00325395
1.36500   0.00270339
1.36520   0.00303250
1.36540   0.00301844
1.36560   0.00370815
1.36580   0.00343941
1.36600   0.00328614
1.36620   0.00412229
1.36640   0.00351844
1.36660   0.00318915
1.36680   0.00213815
1.36700  0.000583810
1.36720   0.00200280
1.36740   0.00375757
1.36760   0.00338729
1.36780   0.00212046
1.36800   0.00177361
1.36820   0.00176352
1.36840   0.00121449
1.36860   0.00174214
1.36880   0.00193331
1.36900   0.00193497
1.36920   0.00194911
1.36940   0.00177530
1.36960   0.00212588
1.36980   0.00281690
1.37000   0.00266314
1.37020   0.00130629
1.37040  0.000599850
1.37060   0.00139898
1.37080   0.00254731
1.37100   0.00287169
1.37120   0.00187528
1.37140   0.00104658
1.37160   0.00183044
1.37180   0.00215261
1.37200   0.00201580
1.37220   0.00186153
1.37240   0.00198397
1.37260   0.00198487
1.37280   0.00152261
1.37300   0.00212336
1.37320   0.00133921
1.37340  0.000738380
1.37360   0.00169077
1.37380  0.000737520
1.37400  0.000107570
1.37420   0.00104493
1.37440   0.00227068
1.37460   0.00210188
1.37480   0.00130724
1.37500   0.00133813
1.37520   0.00150678
1.37540   0.00118324
1.37560   0.00154801
1.37580   0.00197716
1.37600   0.00164256
1.37620   0.00165860
1.37640   0.00104526
1.37660   0.00103188
1.37680   0.00151194
1.37700   0.00118721
1.37720  0.000709200
1.37740   0.00120116
1.37760   0.00167574
1.37780   0.00120114
1.37800  0.000463050
1.37820  0.000449030
1.37840   0.00118139
1.37860  0.000717470
1.37880  0.000888460
1.37900   0.00124291
1.37920   0.00128915
1.37940   0.00146955
1.37960   0.00199485
1.37980   0.00232111
1.38000   0.00128268
1.38020  0.000642070
1.38040  0.000980410
1.38060   0.00109294
1.38080  0.000602450
1.38100  0.000802780
1.38120  0.000293140
1.38140 -4.62400e-05
1.38160   0.00154648
1.38180   0.00172405
1.38200   0.00112833
1.38220  0.000428310
1.38240  9.19600e-05
1.38260  0.000292520
1.38280  0.000278540
1.38300   0.00106515
1.38320  0.000897030
1.38340  0.000882490
1.38360   0.00165545
1.38380   0.00139173
1.38400  0.000293300
1.38420  0.000877010
1.38440  0.000877280
1.38460 -0.000168730
1.38480  0.000443350
1.38500   0.00145175
1.38520   0.00113128
1.38540  0.000827850
1.38560   0.00144206
1.38580   0.00144592
1.38600   0.00101946
1.38620   0.00119245
1.38640   0.00165605
1.38660   0.00194723
1.38680  0.000896440
1.38700  0.000447880
1.38720  0.000600460
1.38740  1.53900e-05
1.38760  0.000153800
1.38780  0.000275680
1.38800  0.000874240
1.38820  0.000722320
1.38840  0.000261370
1.38860  0.000400540
1.38880  0.000399680
1.38900  0.000674520
1.38920  0.000965570
1.38940  0.000521650
1.38960  0.000245870
1.38980  0.000677590
1.39000  0.000416820
1.39020  0.000556910
1.39040  0.000369940
1.39060 -0.000629310
1.39080 -0.000169310
1.39100   0.00150479
1.39120   0.00120767
1.39140 -0.000183170
1.39160  0.000137180
1.39180  0.000197990
1.39200 -0.000106800
1.39220  0.000857910
1.39240   0.00112240
1.39260  0.000678620
1.39280  0.000386520
1.39300  0.000263450
1.39320  0.000248080
1.39340 -0.000186120
1.39360 -0.000463840
1.39380 -0.000757310
1.39400 -0.000154560
1.39420  0.000585910
1.39440  0.000123620
1.39460  0.000123570
1.39480 -0.000154390
1.39500 -0.000739900
1.39520 -0.000154160
1.39540  0.000138960
1.39560  0.000430970
1.39580  0.000430020
1.39600 -0.000582910
1.39620 -0.000414720
1.39640  0.000705260
1.39660  0.000244970
1.39680 -0.000306490
1.39700  0.000275900
1.39720  0.000998260
1.39740   0.00154097
1.39760  0.000971820
1.39780  0.000138760
1.39800 -0.000139260
1.39820      0.00000
1.39840  0.000707240
1.39860   0.00131282
1.39880   0.00131361
1.39900  0.000278060
1.39920  -0.00107966
1.39940 -1.53600e-05
1.39960  0.000430090
1.39980 -0.000461590
1.40000 -0.000138170
1.40020  1.53800e-05
1.40040 -0.000399850
1.40060 -0.000582770
1.40080 -3.06500e-05
1.40100  0.000535850
1.40120  0.000537020
1.40140  0.000122790
1.40160  0.000690690
1.40180  0.000261390
1.40200 -0.000447090
1.40220  0.000123420
1.40240  0.000262810
1.40260 -3.09700e-05
1.40280 -4.65600e-05
1.40300  0.000389010
1.40320  0.000247720
1.40340  0.000848510
1.40360   0.00100029
1.40380  0.000443870
1.40400  0.000320470
1.40420      0.00000
1.40440 -0.000182990
1.40460 -0.000641930
1.40480 -0.000751110
1.40500 -1.53500e-05
1.40520  0.000415960
1.40540  0.000123580
1.40560  0.000123470
1.40580  0.000277310
1.40600  0.000107750
1.40620 -0.000215340
1.40640  0.000845630
1.40660   0.00113896
1.40680  0.000677790
1.40700  0.000401400
1.40720 -0.000294310
1.40740  0.000294250
1.40760  0.000557240
1.40780  0.000123900
1.40800 -0.000294150
1.40820  -0.00104899
1.40840 -0.000292240
1.40860  1.53500e-05
1.40880 -0.000137820
1.40900  9.20000e-05
1.40920 -0.000506540
1.40940 -0.000168840
1.40960  0.000261470
1.40980 -1.53800e-05
1.41000  0.000553280
1.41020  0.000553830
1.41040 -1.53900e-05
1.41060  0.000261070
1.41080  0.000276430
1.41100  0.000414920
1.41120  0.000414440
1.41140  0.000414750
1.41160  0.000307420
1.41180  0.000446450
1.41200  0.000555820
1.41220      0.00000
1.41240 -0.000138980
1.41260  0.000277840
1.41280   0.00146597
1.41300   0.00129504
1.41320 -0.000169060
1.41340 -0.000291270
1.41360  0.000720060
1.41380   0.00148330
1.41400  0.000872460
1.41420      0.00000
1.41440  0.000429660
1.41460  0.000537820
1.41480 -0.000476390
1.41500 -0.000738510
1.41520 -0.000323500
1.41540 -0.000292850
1.41560 -0.000416650
1.41580 -0.000185080
1.41600 -0.000184880
1.41620 -0.000169170
1.41640  0.000107680
1.41660  0.000277000
1.41680  0.000431370
1.41700  0.000400860
1.41720  0.000539450
1.41740  0.000415940
1.41760      0.00000
1.41780  0.000415480
1.41800      0.00000
1.41820 -0.000292310
1.41840 -0.000153710
1.41860  0.000153620
1.41880  0.000168880
1.41900  0.000169250
1.41920  0.000831270
1.41940  0.000677210
1.41960  0.000538480
1.41980  0.000123120
1.42000 -0.000277340
1.42020  0.000876090
1.42040   0.00113600
1.42060      0.00000
1.42080 -0.000400090
1.42100      0.00000
1.42120  0.000261480
1.42140 -1.54200e-05
1.42160  0.000247060
1.42180  0.000664660
1.42200   0.00108180
1.42220  0.000817480
1.42240  0.000138730
1.42260  0.000123210
1.42280  0.000123160
1.42300  0.000523640
1.42320  0.000677320
1.42340  0.000399980
1.42360  0.000523040
1.42380 -0.000307800
1.42400 -0.000830280
1.42420  0.000291790
1.42440   0.00136750
1.42460  0.000829880
1.42480  0.000123040
1.42500  0.000230520
1.42520  0.000798120
1.42540   0.00150340
1.42560  0.000828320
1.42580 -1.53700e-05
1.42600  0.000138480
1.42620  0.000399850
1.42640  0.000400010
1.42660  0.000400250
1.42680  0.000538420
1.42700 -0.000430780
1.42720  0.000246320
1.42740   0.00110760
1.42760 -0.000138690
1.42780  0.000123320
1.42800  0.000277270
1.42820 -0.000677290
1.42840  0.000292000
1.42860   0.00135334
1.42880  0.000523360
1.42900 -0.000277470
1.42920 -0.000169700
1.42940  0.000354610
1.42960   0.00152509
1.42980   0.00112494
1.43000 -1.54100e-05
1.43020 -0.000169220
1.43040 -0.000138460
1.43060  0.000553370
1.43080  0.000291540
1.43100      0.00000
1.43120  0.000538000
1.43140  0.000675460
1.43160  0.000690620
1.43180  0.000552070
1.43200  0.000398790
1.43220  0.000122970
1.43240 -0.000153970
1.43260 -4.62700e-05
1.43280  0.000370380
1.43300  0.000123280
1.43320 -0.000292170
1.43340 -0.000416040
1.43360 -0.000138730
1.43380      0.00000
1.43400 -1.54000e-05
1.43420 -1.54200e-05
1.43440 -0.000415610
1.43460  0.000122970
1.43480  0.000430290
1.43500  0.000306720
1.43520      0.00000
1.43540  0.000414560
1.43560  0.000966380
1.43580  0.000369310
1.43600  0.000107860
1.43620  0.000399110
1.43640  0.000858120
1.43660  0.000874660
1.43680  0.000813250
1.43700  0.000537190
1.43720  0.000107690
1.43740 -0.000153950
1.43760 -0.000138550
1.43780  0.000246350
1.43800 -3.07900e-05
1.43820 -0.000169320
1.43840 -3.07900e-05
1.43860  0.000123110
1.43880  0.000123140
1.43900  0.000262070
1.43920  0.000277420
1.43940  0.000415620
1.43960  0.000831130
1.43980  0.000554380
1.44000  0.000385660
1.44020  0.000971980
1.44040  0.000847980
1.44060 -1.54200e-05
1.44080 -0.000308510
1.44100 -0.000184790
1.44120  0.000814770
1.44140  0.000261540
1.44160 -0.000908110
1.44180  9.22900e-05
1.44200  0.000969340
1.44220  0.000276970
1.44240      0.00000
1.44260  0.000138150
1.44280  0.000138010
1.44300  0.000996280
1.44320   0.00127448
1.44340  0.000430280
1.44360  0.000138530
1.44380  0.000692340
1.44400  0.000844860
1.44420  0.000692130
1.44440   0.00101552
1.44460  0.000554270
1.44480 -0.000740400
1.44500  -0.00100288
1.44520 -0.000154050
1.44540  0.000399720
1.44560  0.000430480
1.44580  0.000569300
1.44600  0.000261730
1.44620  0.000261680
1.44640  0.000691810
1.44660  0.000568590
1.44680  0.000138510
1.44700 -1.53800e-05
1.44720  0.000675320
1.44740  0.000399650
1.44760 -0.000169390
1.44780  9.22300e-05
1.44800 -0.000215290
1.44820  0.000538360
1.44840  0.000905750
1.44860  3.07600e-05
1.44880 -0.000738480
1.44900 -0.000307190
1.44920      0.00000
1.44940  0.000323270
1.44960  0.000599810
1.44980 -0.000169420
1.45000  0.000107730
1.45020  0.000107520
1.45040  0.000107520
1.45060  0.000707140
1.45080  0.000415190
1.45100  0.000722160
1.45120  0.000445680
1.45140 -0.000138400
1.45160  0.000291740
1.45180  0.000874840
1.45200  0.000568430
1.45220 -0.000769100
1.45240 -0.000461360
1.45260  0.000276710
1.45280 -0.000153760
1.45300 -0.000446390
1.45320 -0.000153910
1.45340  0.000614630
1.45360   0.00103062
1.45380  0.000415570
1.45400  0.000276980
1.45420  0.000446390
1.45440  3.07900e-05
1.45460 -0.000138560
1.45480 -0.000138550
1.45500 -0.000415270
1.45520      0.00000
1.45540  0.000107800
1.45560 -0.000354610
1.45580 -0.000493060
1.45600 -0.000446570
1.45620  0.000614900
1.45640  0.000752880
1.45660  0.000907390
1.45680   0.00103088
1.45700  0.000879260
1.45720  0.000909750
1.45740 -0.000154040
1.45760 -0.000462650
1.45780 -0.000138830
1.45800  0.000138670
1.45820 -0.000184750
1.45840 -0.000323860
1.45860  0.000292970
1.45880  0.000723380
1.45900  0.000739760
1.45920  0.000292890
1.45940 -0.000307990
1.45960 -0.000446840
1.45980 -0.000138570
1.46000  0.000307600
1.46020  0.000123260
1.46040 -3.08300e-05
1.46060 -0.000138480
1.46080  0.000338740
1.46100  0.000462290
1.46120 -0.000123150
1.46140 -0.000292600
1.46160 -0.000770140
1.46180 -0.000446000
1.46200 -1.53800e-05
1.46220  0.000276670
1.46240  0.000322640
1.46260 -0.000138470
1.46280  0.000292270
1.46300  0.000738400
1.46320  0.000739300
1.46340  0.000585300
1.46360  0.000277300
1.46380  0.000907360
1.46400   0.00187505
1.46420  0.000647140
1.46440 -0.000323720
1.46460  0.000616390
1.46480  0.000462730
1.46500 -0.000339300
1.46520  0.000277270
1.46540  0.000123210
1.46560 -0.000477190
1.46580  0.000461520
1.46600  0.000292310
1.46620 -3.08100e-05
1.46640  0.000277300
1.46660  0.000277140
1.46680  0.000307720
1.46700  0.000476770
1.46720  0.000446170
1.46740 -3.08100e-05
1.46760 -0.000679330
1.46780 -0.000956420
1.46800 -0.000462840
1.46820 -0.000185010
1.46840  0.000430540
1.46860  0.000476930
1.46880  0.000153900
1.46900  0.000798490
1.46920   0.00116742
1.46940   0.00113859
1.46960  0.000138420
1.46980 -0.000476550
1.47000  0.000491490
1.47020  0.000460400
1.47040 -0.000153710
1.47060 -1.53900e-05
1.47080 -0.000831410
1.47100 -0.000830320
1.47120 -6.15200e-05
1.47140 -6.15700e-05
1.47160 -0.000661110
1.47180 -0.000476530
1.47200  0.000169200
1.47220  0.000169200
1.47240   0.00156776
1.47260  0.000645770
1.47280 -0.000492410
1.47300  0.000292470
1.47320 -4.62200e-05
1.47340  0.000431240
1.47360  0.000601310
1.47380  0.000447150
1.47400   0.00107739
1.47420   0.00124714
1.47440  0.000184560
1.47460  1.53600e-05
1.47480 -0.000199810
1.47500 -0.000814160
1.47520 -0.000153510
1.47540 -3.07300e-05
1.47560  0.000445470
1.47580  0.000784300
1.47600 -3.07500e-05
1.47620  0.000952360
1.47640   0.00113881
1.47660 -1.54200e-05
1.47680 -1.54300e-05
1.47700 -0.000324400
1.47720  0.000138730
1.47740  0.000153840
1.47760  0.000354160
1.47780  0.000507520
1.47800  1.53800e-05
1.47820  0.000954160
1.47840  0.000615100
1.47860 -0.000707470
1.47880  -0.00118581
1.47900 -0.000630880
1.47920  0.000844870
1.47940  0.000968070
1.47960 -0.000169230
1.47980 -0.000462210
1.48000 -0.000631860
1.48020 -0.000678160
1.48040 -0.000677500
1.48060 -0.000968940
1.48080 -0.000461630
1.48100  0.000845630
1.48120   0.00113741
1.48140   0.00112403
1.48160  0.000954780
1.48180 -3.07500e-05
1.48200 -0.000200110
1.48220  0.000615680
1.48240  0.000661170
1.48260  0.000492970
1.48280  0.000153920
1.48300  0.000169180
1.48320  0.000447330
1.48340 -0.000200590
1.48360 -0.000538560
1.48380 -0.000708430
1.48400 -0.000539910
1.48420  0.000277440
1.48440  0.000771040
1.48460 -6.17400e-05
1.48480 -4.62500e-05
1.48500 -0.000169480
1.48520 -0.000339230
1.48540 -4.62300e-05
1.48560  0.000292490
1.48580  0.000676710
1.48600  4.61800e-05
1.48620 -0.000493320
1.48640 -0.000200390
1.48660  0.000123260
1.48680  0.000615600
1.48700  0.000615630
1.48720  0.000446600
1.48740  0.000154020
1.48760  0.000539400
1.48780  0.000663690
1.48800 -0.000386150
1.48820 -6.17100e-05
1.48840  0.000107870
1.48860 -0.000169450
1.48880  1.54000e-05
1.48900  0.000814970
1.48920  0.000968570
1.48940  0.000461400
1.48960 -0.000338120
1.48980 -0.000507650
1.49000  0.000307130
1.49020  0.000307220
1.49040  0.000107730
1.49060 -1.53800e-05
1.49080 -0.000462380
1.49100 -0.000169950
1.49120  0.000786570
1.49140 -0.000184930
1.49160 -0.000986720
1.49180 -0.000153900
1.49200 -0.000153910
1.49220 -0.000323990
1.49240 -3.08800e-05
1.49260 -4.63000e-05
1.49280 -0.000200460
1.49300 -0.000184750
1.49320  0.000646380
1.49340   0.00130868
1.49360  0.000493050
1.49380  0.000153950
1.49400 -0.000184620
1.49420  0.000338120
1.49440  0.000860000
1.49460  0.000660530
1.49480 -0.000215430
1.49500  -0.00103165
1.49520      0.00000
1.49540  0.000845710
1.49560  0.000184690
1.49580 -0.000662550
1.49600 -0.000509230
1.49620      0.00000
1.49640  0.000646680
1.49660  0.000478250
1.49680 -0.000169800
1.49700 -0.000832780
1.49720 -0.000678990
1.49740  0.000832640
1.49760   0.00116987
1.49780  0.000646790
1.49800 -0.000354840
1.49820 -0.000154280
1.49840  0.000508750
1.49860 -0.000184950
1.49880 -0.000492870
1.49900 -0.000169510
1.49920  0.000138730
1.49940 -1.54100e-05
1.49960 -0.000369840
1.49980 -0.000725060
1.50000 -0.000694440
