      1.78990 -0.000625610
      1.79040 -0.000503540
      1.79090 -6.10400e-05
      1.79140  0.000335690
      1.79190  0.000228880
      1.79240 -0.000106810
      1.79290      0.00000
      1.79340  4.57800e-05
      1.79390 -0.000183110
      1.79440 -0.000823970
      1.79490 -0.000595090
      1.79540 -0.000122070
      1.79590  0.000122070
      1.79640  0.000228880
      1.79690      0.00000
      1.79740 -0.000183110
      1.79790 -0.000183110
      1.79840      0.00000
      1.79890 -6.10400e-05
      1.79940 -0.000305180
      1.79990 -0.000366210
      1.80040 -0.000183110
      1.80080 -0.000305180
      1.80130 -0.000259400
      1.80180      0.00000
      1.80230  0.000183110
      1.80280  6.10400e-05
      1.80330 -0.000305180
      1.80380      0.00000
      1.80430  0.000305180
      1.80480  0.000244140
      1.80530      0.00000
      1.80580 -0.000183110
      1.80630 -0.000183110
      1.80680 -1.52600e-05
      1.80730  6.10400e-05
      1.80780 -0.000305180
      1.80830 -0.000381470
      1.80880 -6.10400e-05
      1.80930 -7.62900e-05
      1.80980 -7.62900e-05
      1.81030  6.10400e-05
      1.81080 -0.000259400
      1.81130 -0.000213620
      1.81180      0.00000
      1.81230 -0.000167850
      1.81280 -0.000228880
      1.81330      0.00000
      1.81380  0.000106810
      1.81430 -0.000579830
      1.81480 -0.000518800
      1.81530 -0.000137330
      1.81580 -0.000137330
      1.81630      0.00000
      1.81680 -0.000122070
      1.81730 -0.000106810
      1.81780 -6.10400e-05
      1.81830 -6.10400e-05
      1.81870 -0.000259400
      1.81920 -0.000473020
      1.81970 -0.000213620
      1.82020 -7.62900e-05
      1.82070 -0.000335690
      1.82120 -1.52600e-05
      1.82170 -6.10400e-05
      1.82220 -0.000259400
      1.82270  4.57800e-05
      1.82320  0.000106810
      1.82370 -0.000274660
      1.82420 -0.000473020
      1.82470 -0.000350950
      1.82520 -0.000350950
      1.82570 -0.000350950
      1.82620 -0.000213620
      1.82670 -0.000137330
      1.82720 -0.000274660
      1.82770 -0.000274660
      1.82820 -0.000335690
      1.82870 -0.000686650
      1.82920 -0.000686650
      1.82970 -0.000350950
      1.83020 -0.000274660
      1.83070 -0.000289920
      1.83120 -0.000289920
      1.83170 -7.62900e-05
      1.83220  6.10400e-05
      1.83270 -0.000122070
      1.83320 -0.000244140
      1.83370 -0.000167850
      1.83420 -0.000244140
      1.83470 -0.000122070
      1.83520 -7.62900e-05
      1.83570 -0.000366210
      1.83620 -0.000457760
      1.83660 -0.000549320
      1.83710 -0.000244140
      1.83760 -7.62900e-05
      1.83810 -9.15500e-05
      1.83860      0.00000
      1.83910 -0.000122070
      1.83960 -6.10400e-05
      1.84010 -0.000122070
      1.84060  0.000122070
      1.84110 -0.000213620
      1.84160 -0.000473020
      1.84210  6.10400e-05
      1.84260      0.00000
      1.84310 -0.000122070
      1.84360 -0.000259400
      1.84410 -0.000396730
      1.84460 -0.000534060
      1.84510 -0.000549320
      1.84560 -0.000411990
      1.84610  0.000259400
      1.84660  0.000274660
      1.84710 -0.000335690
      1.84760 -0.000335690
      1.84810 -0.000564580
      1.84860 -0.000366210
      1.84910  6.10400e-05
      1.84960      0.00000
      1.85010 -0.000122070
      1.85060 -0.000259400
      1.85110 -0.000320430
      1.85160 -0.000183110
      1.85210 -0.000122070
      1.85260 -0.000122070
      1.85310 -0.000610350
      1.85360 -0.000289920
      1.85400  0.000518800
      1.85450 -0.000137330
      1.85500 -0.000259400
      1.85550 -7.62900e-05
      1.85600 -0.000213620
      1.85650 -0.000228880
      1.85700      0.00000
      1.85750  0.000366210
      1.85800  0.000747680
      1.85850  0.000595090
      1.85900      0.00000
      1.85950  0.000228880
      1.86000  0.000228880
      1.86050  7.62900e-05
      1.86100  0.000549320
      1.86150  0.000717160
      1.86200  0.000381470
      1.86250   0.00140381
      1.86300  0.000961300
      1.86350 -7.62900e-05
      1.86400  0.000488280
      1.86450  0.000640870
      1.86500  0.000869750
      1.86550  0.000717160
      1.86600  0.000564580
      1.86650  0.000549320
      1.86700  0.000396730
      1.86750  0.000656130
      1.86800  0.000717160
      1.86850  0.000518800
      1.86900  0.000579830
      1.86950  0.000793460
      1.87000   0.00132751
      1.87050   0.00138855
      1.87100   0.00126648
      1.87150   0.00100708
      1.87190  0.000885010
      1.87240   0.00119019
      1.87290   0.00126648
      1.87340   0.00148010
      1.87390   0.00138855
      1.87440   0.00115967
      1.87490   0.00122070
      1.87540   0.00149536
      1.87590   0.00108337
      1.87640   0.00114441
      1.87690   0.00189209
      1.87740   0.00210571
      1.87790   0.00271606
      1.87840   0.00256348
      1.87890   0.00209045
      1.87940   0.00251770
      1.87990   0.00256348
      1.88040   0.00241089
      1.88090   0.00262451
      1.88140   0.00270081
      1.88190   0.00283813
      1.88240   0.00288391
      1.88290   0.00250244
      1.88340   0.00253296
      1.88390   0.00257874
      1.88440   0.00297546
      1.88490   0.00354004
      1.88540   0.00358582
      1.88590   0.00384521
      1.88640   0.00392151
      1.88690   0.00379944
      1.88740   0.00439453
      1.88790   0.00444031
      1.88840   0.00411987
      1.88890   0.00450134
      1.88940   0.00453186
      1.88980   0.00451660
      1.89030   0.00534058
      1.89080   0.00550842
      1.89130   0.00491333
      1.89180   0.00500488
      1.89230   0.00552368
      1.89280   0.00563049
      1.89330   0.00556946
      1.89380   0.00584412
      1.89430   0.00616455
      1.89480   0.00617981
      1.89530   0.00619507
      1.89580   0.00665283
      1.89630   0.00700378
      1.89680   0.00714111
      1.89730   0.00752258
      1.89780   0.00811768
      1.89830   0.00868225
      1.89880   0.00843811
      1.89930   0.00842285
      1.89980   0.00904846
      1.90030   0.00912476
      1.90080   0.00883484
      1.90130   0.00866699
      1.90180   0.00968933
      1.90230    0.0105286
      1.90280    0.0107269
      1.90330    0.0110168
      1.90380    0.0113678
      1.90430    0.0120087
      1.90480    0.0125427
      1.90530    0.0135346
      1.90580    0.0135956
      1.90630    0.0133057
      1.90680    0.0141907
      1.90720    0.0154114
      1.90770    0.0153503
      1.90820    0.0157471
      1.90870    0.0176544
      1.90920    0.0189972
      1.90970    0.0192719
      1.91020    0.0195618
      1.91070    0.0206451
      1.91120    0.0215759
      1.91170    0.0224915
      1.91220    0.0236816
      1.91270    0.0245361
      1.91320    0.0257111
      1.91370    0.0271759
      1.91420    0.0283508
      1.91470    0.0299835
      1.91520    0.0316772
      1.91570    0.0331726
      1.91620    0.0349274
      1.91670    0.0360565
      1.91720    0.0379791
      1.91770    0.0405273
      1.91820    0.0427704
      1.91870    0.0449982
      1.91920    0.0466156
      1.91970    0.0491638
      1.92020    0.0522766
      1.92070    0.0553131
      1.92120    0.0588837
      1.92170    0.0623322
      1.92220    0.0662384
      1.92270    0.0698700
      1.92320    0.0737610
      1.92370    0.0784760
      1.92420    0.0834045
      1.92470    0.0886078
      1.92510    0.0940704
      1.92560    0.0999451
      1.92610     0.106339
      1.92660     0.112961
      1.92710     0.119949
      1.92760     0.127258
      1.92810     0.135193
      1.92860     0.145172
      1.92910     0.154922
      1.92960     0.163574
      1.93010     0.175674
      1.93060     0.186600
      1.93110     0.197998
      1.93160     0.211639
      1.93210     0.223541
      1.93260     0.238312
      1.93310     0.254761
      1.93360     0.271179
      1.93410     0.289581
      1.93460     0.304993
      1.93510     0.320572
      1.93560     0.341858
      1.93610     0.363266
      1.93660     0.386292
      1.93710     0.404861
      1.93760     0.428085
      1.93810     0.454132
      1.93860     0.476288
      1.93910     0.501434
      1.93960     0.525635
      1.94010     0.550613
      1.94060     0.577774
      1.94110     0.603561
      1.94160     0.628815
      1.94210     0.652542
      1.94260     0.677811
      1.94300     0.702789
      1.94350     0.724945
      1.94400     0.746750
      1.94450     0.767380
      1.94500     0.787979
      1.94550     0.808273
      1.94600     0.825653
      1.94650     0.840179
      1.94700     0.855255
      1.94750     0.868011
      1.94800     0.879730
      1.94850     0.894043
      1.94900     0.905136
      1.94950     0.912033
      1.95000     0.921494
      1.95050     0.929535
      1.95100     0.933960
      1.95150     0.939102
      1.95200     0.942078
      1.95250     0.944733
      1.95300     0.948959
      1.95350     0.949341
      1.95400     0.948364
      1.95450     0.949829
      1.95500     0.950958
      1.95550     0.951218
      1.95600     0.954163
      1.95650     0.956589
      1.95700     0.957550
      1.95750     0.957718
      1.95800     0.956512
      1.95850     0.955231
      1.95900     0.957291
      1.95950     0.958099
      1.96000     0.955826
      1.96040     0.955872
      1.96090     0.955200
      1.96140     0.952591
      1.96190     0.953278
      1.96240     0.954224
      1.96290     0.952820
      1.96340     0.953812
      1.96390     0.954697
      1.96440     0.955048
      1.96490     0.956055
      1.96540     0.956604
      1.96590     0.956573
      1.96640     0.955841
      1.96690     0.957916
      1.96740     0.958603
      1.96790     0.959061
      1.96840     0.961594
      1.96890     0.960815
      1.96940     0.961121
      1.96990     0.962860
      1.97040     0.962311
      1.97090     0.962936
      1.97140     0.963943
      1.97190     0.963409
      1.97240     0.964188
      1.97290     0.965622
      1.97340     0.965958
      1.97390     0.966400
      1.97440     0.967346
      1.97490     0.966125
      1.97540     0.964432
      1.97590     0.964142
      1.97640     0.963211
      1.97690     0.963654
      1.97740     0.966248
      1.97790     0.966492
      1.97830     0.965454
      1.97880     0.965118
      1.97930     0.963715
      1.97980     0.963699
      1.98030     0.965118
      1.98080     0.964310
      1.98130     0.961700
      1.98180     0.961716
      1.98230     0.962372
      1.98280     0.959961
      1.98330     0.959473
      1.98380     0.958939
      1.98430     0.957092
      1.98480     0.958893
      1.98530     0.957413
      1.98580     0.955383
      1.98630     0.957352
      1.98680     0.954590
      1.98730     0.952118
      1.98780     0.953156
      1.98830     0.949524
      1.98880     0.946930
      1.98930     0.947601
      1.98980     0.945923
      1.99030     0.943619
      1.99080     0.942719
      1.99130     0.941360
      1.99180     0.939972
      1.99230     0.940125
      1.99280     0.938858
      1.99330     0.935577
      1.99380     0.934555
      1.99430     0.934341
      1.99480     0.933151
      1.99530     0.933548
      1.99580     0.931808
      1.99620     0.929123
      1.99670     0.926834
      1.99720     0.924332
      1.99770     0.922668
      1.99820     0.923950
      1.99870     0.925308
      1.99920     0.923584
      1.99970     0.921814
      2.00020     0.921066
      2.00070     0.920471
      2.00120     0.919250
      2.00170     0.919159
      2.00220     0.917679
      2.00270     0.916168
      2.00320     0.915222
      2.00370     0.914261
      2.00420     0.915070
      2.00470     0.916443
      2.00520     0.917465
      2.00570     0.916153
      2.00620     0.914627
      2.00670     0.914474
      2.00720     0.914581
      2.00770     0.915588
      2.00820     0.914688
      2.00870     0.912903
      2.00920     0.915604
      2.00970     0.916824
      2.01020     0.915771
      2.01070     0.916763
      2.01120     0.915024
      2.01170     0.913635
      2.01220     0.915466
      2.01270     0.913986
      2.01320     0.912674
      2.01360     0.915009
      2.01410     0.914932
      2.01460     0.913101
      2.01510     0.914093
      2.01560     0.914322
      2.01610     0.912689
      2.01660     0.916183
      2.01710     0.916977
      2.01760     0.916000
      2.01810     0.919296
      2.01860     0.920471
      2.01910     0.920715
      2.01960     0.920837
      2.02010     0.918884
      2.02060     0.916962
      2.02110     0.918655
      2.02160     0.920959
      2.02210     0.922348
      2.02260     0.925980
      2.02310     0.925858
      2.02360     0.924332
      2.02410     0.927002
      2.02460     0.926498
      2.02510     0.923126
      2.02560     0.923035
      2.02610     0.924255
      2.02660     0.923782
      2.02710     0.926163
      2.02760     0.928894
      2.02810     0.928879
      2.02860     0.931381
      2.02910     0.933167
      2.02960     0.931656
      2.03010     0.930969
      2.03060     0.932541
      2.03110     0.932877
      2.03150     0.932266
      2.03200     0.934052
      2.03250     0.935120
      2.03300     0.938004
      2.03350     0.940689
      2.03400     0.941772
      2.03450     0.941635
      2.03500     0.939484
      2.03550     0.939209
      2.03600     0.940414
      2.03650     0.941803
      2.03700     0.941803
      2.03750     0.942627
      2.03800     0.944138
      2.03850     0.944138
      2.03900     0.944901
      2.03950     0.945724
      2.04000     0.945480
      2.04050     0.945618
      2.04100     0.947189
      2.04150     0.948898
      2.04200     0.950241
      2.04250     0.952484
      2.04300     0.951950
      2.04350     0.951584
      2.04400     0.952118
      2.04450     0.951370
      2.04500     0.951660
      2.04550     0.953201
      2.04600     0.953430
      2.04650     0.952087
      2.04700     0.953506
      2.04750     0.954315
      2.04800     0.954117
      2.04850     0.956467
      2.04900     0.956528
      2.04940     0.956238
      2.04990     0.960983
      2.05040     0.961914
      2.05090     0.960663
      2.05140     0.963776
      2.05190     0.962051
      2.05240     0.958755
      2.05290     0.959518
      2.05340     0.960022
      2.05390     0.959900
      2.05440     0.960480
      2.05490     0.960754
      2.05540     0.959763
      2.05590     0.960495
      2.05640     0.962250
      2.05690     0.962204
      2.05740     0.963135
      2.05790     0.964142
      2.05840     0.961990
      2.05890     0.962906
      2.05940     0.963394
      2.05990     0.962479
      2.06040     0.963013
      2.06090     0.963181
      2.06140     0.962494
      2.06190     0.961258
      2.06240     0.962067
      2.06290     0.962677
      2.06340     0.962860
      2.06390     0.963928
      2.06440     0.963089
      2.06490     0.961700
      2.06540     0.962387
      2.06590     0.961441
      2.06640     0.961838
      2.06690     0.962860
      2.06730     0.961502
      2.06780     0.962463
      2.06830     0.963425
      2.06880     0.959641
      2.06930     0.960327
      2.06980     0.962570
      2.07030     0.961472
      2.07080     0.962326
      2.07130     0.963440
      2.07180     0.962143
      2.07230     0.960342
      2.07280     0.961441
      2.07330     0.961868
      2.07380     0.959473
      2.07430     0.960541
      2.07480     0.962418
      2.07530     0.961441
      2.07580     0.962402
      2.07630     0.960510
      2.07680     0.959198
      2.07730     0.961700
      2.07780     0.959793
      2.07830     0.958221
      2.07880     0.959412
      2.07930     0.957840
      2.07980     0.957214
      2.08030     0.959213
      2.08080     0.959961
      2.08130     0.959366
      2.08180     0.960602
      2.08230     0.959381
      2.08280     0.956314
      2.08330     0.955994
      2.08380     0.954391
      2.08430     0.952087
      2.08470     0.953583
      2.08520     0.954926
      2.08570     0.954010
      2.08620     0.955292
      2.08670     0.955246
      2.08720     0.952789
      2.08770     0.953308
      2.08820     0.951248
      2.08870     0.946960
      2.08920     0.947983
      2.08970     0.947510
      2.09020     0.944656
      2.09070     0.945633
      2.09120     0.946487
      2.09170     0.947800
      2.09220     0.950424
      2.09270     0.950027
      2.09320     0.947220
      2.09370     0.944916
      2.09420     0.945297
      2.09470     0.944580
      2.09520     0.943512
      2.09570     0.943695
      2.09620     0.942535
      2.09670     0.942764
      2.09720     0.942810
      2.09770     0.941360
      2.09820     0.941513
      2.09870     0.941635
      2.09920     0.941025
      2.09970     0.942093
      2.10020     0.941010
      2.10070     0.939224
      2.10120     0.938766
      2.10170     0.939865
      2.10220     0.938721
      2.10260     0.935837
      2.10310     0.938171
      2.10360     0.936386
      2.10410     0.934113
      2.10460     0.935562
      2.10510     0.933212
      2.10560     0.930130
      2.10610     0.929703
      2.10660     0.929871
      2.10710     0.928757
      2.10760     0.930801
      2.10810     0.931732
      2.10860     0.928070
      2.10910     0.927109
      2.10960     0.926102
      2.11010     0.922592
      2.11060     0.922699
      2.11110     0.922394
      2.11160     0.919937
      2.11210     0.919952
      2.11260     0.918518
      2.11310     0.917053
      2.11360     0.917801
      2.11410     0.918320
      2.11460     0.918427
      2.11510     0.918518
      2.11560     0.917694
      2.11610     0.916595
      2.11660     0.915558
      2.11710     0.914825
      2.11760     0.914261
      2.11810     0.914368
      2.11860     0.913177
      2.11910     0.910797
      2.11960     0.910995
      2.12010     0.910568
      2.12050     0.910156
      2.12100     0.911392
      2.12150     0.911575
      2.12200     0.910172
      2.12250     0.909424
      2.12300     0.909729
      2.12350     0.908356
      2.12400     0.907730
      2.12450     0.908249
      2.12500     0.907944
      2.12550     0.909180
      2.12600     0.911087
      2.12650     0.909225
      2.12700     0.907349
      2.12750     0.908722
      2.12800     0.907639
      2.12850     0.906555
      2.12900     0.906448
      2.12950     0.905869
      2.13000     0.906784
      2.13050     0.908234
      2.13100     0.908722
      2.13150     0.908081
      2.13200     0.910324
      2.13250     0.909927
      2.13300     0.906448
      2.13350     0.906891
      2.13400     0.905396
      2.13450     0.903534
      2.13500     0.906128
      2.13550     0.905777
      2.13600     0.903458
      2.13650     0.907547
      2.13700     0.909012
      2.13750     0.905838
      2.13790     0.907959
      2.13840     0.907822
      2.13890     0.907028
      2.13940     0.910309
      2.13990     0.911423
      2.14040     0.910675
      2.14090     0.912247
      2.14140     0.913803
      2.14190     0.913940
      2.14240     0.912918
      2.14290     0.909348
      2.14340     0.908951
      2.14390     0.911591
      2.14440     0.913788
      2.14490     0.914368
      2.14540     0.916138
      2.14590     0.918060
      2.14640     0.918472
      2.14690     0.918579
      2.14740     0.917984
      2.14790     0.915405
      2.14840     0.916458
      2.14890     0.918488
      2.14940     0.917343
      2.14990     0.918793
      2.15040     0.921677
      2.15090     0.923737
      2.15140     0.923004
      2.15190     0.921829
      2.15240     0.920105
      2.15290     0.919861
      2.15340     0.917969
      2.15390     0.919052
      2.15440     0.924011
      2.15490     0.923294
      2.15540     0.921829
      2.15580     0.923691
      2.15630     0.925674
      2.15680     0.925552
      2.15730     0.926056
      2.15780     0.927063
      2.15830     0.927597
      2.15880     0.928513
      2.15930     0.929794
      2.15980     0.928452
      2.16030     0.928009
      2.16080     0.929871
      2.16130     0.930801
      2.16180     0.932190
      2.16230     0.935669
      2.16280     0.934830
      2.16330     0.932541
      2.16380     0.934784
      2.16430     0.932739
      2.16480     0.931900
      2.16530     0.934067
      2.16580     0.933365
      2.16630     0.934540
      2.16680     0.935287
      2.16730     0.933853
      2.16780     0.936371
      2.16830     0.936844
      2.16880     0.937363
      2.16930     0.936432
      2.16980     0.935059
      2.17030     0.934937
      2.17080     0.933517
      2.17130     0.933258
      2.17180     0.930679
      2.17230     0.931244
      2.17280     0.935410
      2.17330     0.933044
      2.17370     0.930923
      2.17420     0.936798
      2.17470     0.933105
      2.17520     0.926178
      2.17570     0.927505
      2.17620     0.924911
      2.17670     0.928604
      2.17720     0.932297
      2.17770     0.925735
      2.17820     0.926193
      2.17870     0.927063
      2.17920     0.928040
      2.17970     0.930176
      2.18020     0.926971
      2.18070     0.927353
      2.18120     0.926544
      2.18170     0.924988
      2.18220     0.925949
      2.18270     0.920883
      2.18320     0.919418
      2.18370     0.921448
      2.18420     0.918823
      2.18470     0.917572
      2.18520     0.916794
      2.18570     0.915955
      2.18620     0.916702
      2.18670     0.916260
      2.18720     0.913635
      2.18770     0.909943
      2.18820     0.908615
      2.18870     0.907150
      2.18920     0.904770
      2.18970     0.904251
      2.19020     0.902832
      2.19070     0.901596
      2.19110     0.902100
      2.19160     0.901062
      2.19210     0.899200
      2.19260     0.899292
      2.19310     0.897720
      2.19360     0.894958
      2.19410     0.894775
      2.19460     0.892838
      2.19510     0.890717
      2.19560     0.890213
      2.19610     0.888763
      2.19660     0.887375
      2.19710     0.887680
      2.19760     0.886307
      2.19810     0.882492
      2.19860     0.881851
      2.19910     0.880035
      2.19960     0.876678
      2.20010     0.877579
      2.20060     0.877609
      2.20110     0.875687
      2.20160     0.873901
      2.20210     0.872269
      2.20260     0.868698
      2.20310     0.866776
      2.20360     0.867676
      2.20410     0.867050
      2.20460     0.867584
      2.20510     0.869598
      2.20560     0.868668
      2.20610     0.867722
      2.20660     0.866898
      2.20710     0.864700
      2.20760     0.864258
      2.20810     0.863831
      2.20860     0.863693
      2.20900     0.863373
      2.20950     0.862640
      2.21000     0.860306
      2.21050     0.859314
      2.21100     0.860077
      2.21150     0.858414
      2.21200     0.857376
      2.21250     0.858963
      2.21300     0.858658
      2.21350     0.858017
      2.21400     0.859375
      2.21450     0.858734
      2.21500     0.857269
      2.21550     0.857346
      2.21600     0.858017
      2.21650     0.857086
      2.21700     0.856842
      2.21750     0.856476
      2.21800     0.856049
      2.21850     0.858734
      2.21900     0.858749
      2.21950     0.857880
      2.22000     0.860107
      2.22050     0.860764
      2.22100     0.861420
      2.22150     0.862640
      2.22200     0.862061
      2.22250     0.860901
      2.22300     0.862701
      2.22350     0.863098
      2.22400     0.862900
      2.22450     0.867386
      2.22500     0.868240
      2.22550     0.866653
      2.22600     0.868958
      2.22650     0.870743
      2.22690     0.869904
      2.22740     0.870651
      2.22790     0.872162
      2.22840     0.874832
      2.22890     0.879257
      2.22940     0.881271
      2.22990     0.883057
      2.23040     0.886749
      2.23090     0.888748
      2.23140     0.889282
      2.23190     0.891449
      2.23240     0.893326
      2.23290     0.892593
      2.23340     0.894714
      2.23390     0.897247
      2.23440     0.897308
      2.23490     0.901825
      2.23540     0.907776
      2.23590     0.909378
      2.23640     0.911499
      2.23690     0.914032
      2.23740     0.916199
      2.23790     0.918411
      2.23840     0.917206
      2.23890     0.917755
      2.23940     0.921906
      2.23990     0.926071
      2.24040     0.927170
      2.24090     0.928482
      2.24140     0.932373
      2.24190     0.934097
      2.24240     0.936157
      2.24290     0.939957
      2.24340     0.940964
      2.24390     0.943146
      2.24430     0.946701
      2.24480     0.948029
      2.24530     0.949020
      2.24580     0.947968
      2.24630     0.947418
      2.24680     0.948700
      2.24730     0.952026
      2.24780     0.955505
      2.24830     0.957260
      2.24880     0.959442
      2.24930     0.959671
      2.24980     0.960159
      2.25030     0.962585
      2.25080     0.962662
      2.25130     0.961243
      2.25180     0.962051
      2.25230     0.961029
      2.25280     0.960098
      2.25330     0.962646
      2.25380     0.963501
      2.25430     0.964005
      2.25480     0.966217
      2.25530     0.968109
      2.25580     0.965469
      2.25630     0.964264
      2.25680     0.966522
      2.25730     0.963791
      2.25780     0.966904
      2.25830     0.967865
      2.25880     0.957642
      2.25930     0.962738
      2.25980     0.966415
      2.26030     0.962158
      2.26080     0.964874
      2.26130     0.963593
      2.26180     0.959869
      2.26220     0.962296
      2.26270     0.964828
      2.26320     0.962311
      2.26370     0.962860
      2.26420     0.962936
      2.26470     0.961609
      2.26520     0.960098
      2.26570     0.958862
      2.26620     0.959000
      2.26670     0.959747
      2.26720     0.959366
      2.26770     0.959167
      2.26820     0.957977
      2.26870     0.960083
      2.26920     0.961136
      2.26970     0.958435
      2.27020     0.958221
      2.27070     0.956787
      2.27120     0.956253
      2.27170     0.954285
      2.27220     0.951111
      2.27270     0.951233
      2.27320     0.947021
      2.27370     0.942123
      2.27420     0.940994
      2.27470     0.934753
      2.27520     0.931442
      2.27570     0.930084
      2.27620     0.923920
      2.27670     0.917130
      2.27720     0.909485
      2.27770     0.900101
      2.27820     0.890442
      2.27870     0.880569
      2.27920     0.871353
      2.27970     0.857559
      2.28010     0.843109
      2.28060     0.829376
      2.28110     0.813751
      2.28160     0.798065
      2.28210     0.780823
      2.28260     0.761429
      2.28310     0.740677
      2.28360     0.719559
      2.28410     0.697586
      2.28460     0.673370
      2.28510     0.651031
      2.28560     0.626740
      2.28610     0.600952
      2.28660     0.580475
      2.28710     0.556107
      2.28760     0.529678
      2.28810     0.507019
      2.28860     0.482712
      2.28910     0.461411
      2.28960     0.440002
      2.29010     0.416718
      2.29060     0.395401
      2.29110     0.374359
      2.29160     0.358597
      2.29210     0.338470
      2.29260     0.318939
      2.29310     0.301666
      2.29360     0.283295
      2.29410     0.267532
      2.29460     0.252365
      2.29510     0.235977
      2.29560     0.222198
      2.29610     0.211166
      2.29660     0.197464
      2.29710     0.184769
      2.29750     0.173676
      2.29800     0.162598
      2.29850     0.153519
      2.29900     0.144226
      2.29950     0.135239
      2.30000     0.127365
      2.30050     0.119629
      2.30100     0.112656
      2.30150     0.106262
      2.30200     0.100250
      2.30250    0.0941315
      2.30300    0.0881958
      2.30350    0.0834198
      2.30400    0.0787659
      2.30450    0.0735321
      2.30500    0.0689850
      2.30550    0.0646362
      2.30600    0.0614014
      2.30650    0.0582123
      2.30700    0.0541077
      2.30750    0.0506592
      2.30800    0.0479431
      2.30850    0.0457153
      2.30900    0.0434875
      2.30950    0.0410156
      2.31000    0.0383758
      2.31050    0.0363007
      2.31100    0.0349274
      2.31150    0.0328369
      2.31200    0.0317688
      2.31250    0.0301666
      2.31300    0.0276031
      2.31350    0.0265503
      2.31400    0.0254364
      2.31450    0.0234070
      2.31500    0.0221252
      2.31540    0.0215607
      2.31590    0.0206604
      2.31640    0.0194092
      2.31690    0.0189362
      2.31740    0.0180359
      2.31790    0.0163117
      2.31840    0.0157013
      2.31890    0.0149689
      2.31940    0.0143127
      2.31990    0.0139770
      2.32040    0.0137329
      2.32090    0.0130005
      2.32140    0.0114899
      2.32190    0.0109711
      2.32240    0.0107880
      2.32290    0.0101929
      2.32340   0.00976563
      2.32390   0.00935364
      2.32440   0.00915527
      2.32490   0.00904846
      2.32540   0.00849915
      2.32590   0.00785828
      2.32640   0.00761414
      2.32690   0.00730896
      2.32740   0.00703430
      2.32790   0.00662231
      2.32840   0.00659180
      2.32890   0.00639343
      2.32940   0.00593567
      2.32990   0.00590515
      2.33040   0.00595093
      2.33090   0.00588989
      2.33140   0.00512695
      2.33190   0.00450134
      2.33240   0.00427246
      2.33290   0.00395203
      2.33330   0.00361633
      2.33380   0.00401306
      2.33430   0.00404358
      2.33480   0.00363159
      2.33530   0.00323486
      2.33580   0.00286865
      2.33630   0.00265503
      2.33680   0.00274658
      2.33730   0.00285339
      2.33780   0.00270081
      2.33830   0.00302124
      2.33880   0.00283813
      2.33930   0.00233459
      2.33980   0.00257874
      2.34030   0.00285339
      2.34080   0.00230408
      2.34130   0.00241089
      2.34180   0.00288391
      2.34230   0.00215149
      2.34280   0.00169373
      2.34330   0.00164795
      2.34380   0.00173950
      2.34430   0.00158691
      2.34480   0.00140381
      2.34530   0.00140381
      2.34580   0.00109863
      2.34630   0.00212097
      2.34680   0.00228882
      2.34730   0.00120544
      2.34780   0.00100708
      2.34830   0.00187683
      2.34880   0.00218201
      2.34930  0.000518800
      2.34980  0.000152590
      2.35030  0.000900270
      2.35070   0.00108337
      2.35120  0.000885010
      2.35170  0.000274660
      2.35220  0.000488280
      2.35270   0.00102234
      2.35320   0.00108337
      2.35370  0.000625610
      2.35420  0.000793460
      2.35470   0.00129700
      2.35520   0.00111389
      2.35570  0.000640870
      2.35620  0.000305180
      2.35670  0.000366210
      2.35720  0.000747680
      2.35770  0.000808720
      2.35820  0.000503540
      2.35870  0.000396730
      2.35920  0.000137330
      2.35970      0.00000
      2.36020  0.000137330
      2.36070  0.000320430
      2.36120  0.000381470
      2.36170  0.000518800
      2.36220  0.000244140
      2.36270  0.000198360
      2.36320  0.000427250
      2.36370  0.000289920
      2.36420  0.000259400
      2.36470  0.000381470
      2.36520   0.00108337
      2.36570  0.000991820
      2.36620 -0.000518800
      2.36670 -0.000503540
      2.36720      0.00000
      2.36770 -0.000427250
      2.36820  0.000274660
      2.36860   0.00125122
      2.36910  0.000762940
      2.36960  0.000244140
      2.37010  0.000381470
      2.37060  0.000244140
      2.37110  0.000152590
      2.37160  7.62900e-05
      2.37210  -0.00164795
      2.37260  -0.00199890
      2.37310 -0.000305180
      2.37360 -0.000564580
      2.37410 -0.000320430
      2.37460  0.000350950
      2.37510 -0.000381470
      2.37560  -0.00115967
      2.37610 -0.000686650
      2.37660 -0.000122070
      2.37710 -0.000473020
      2.37760 -0.000411990
      2.37810  0.000106810
      2.37860  3.05200e-05
      2.37910 -0.000213620
      2.37960 -0.000183110
      2.38010 -0.000183110
      2.38060  4.57800e-05
      2.38110 -9.15500e-05
      2.38160  0.000183110
      2.38210 -3.05200e-05
      2.38260 -0.000122070
      2.38310 -0.000152590
      2.38360 -0.000350950
      2.38410 -0.000259400
      2.38460 -0.000701900
      2.38510 -0.000854490
      2.38560 -0.000274660
      2.38610 -0.000289920
      2.38650 -0.000518800
      2.38700 -0.000137330
      2.38750  0.000366210
      2.38800 -6.10400e-05
      2.38850 -0.000732420
      2.38900 -0.000610350
      2.38950 -0.000518800
      2.39000  -0.00125122
      2.39050  -0.00119019
      2.39100 -0.000976560
      2.39150 -0.000732420
      2.39200 -0.000259400
      2.39250 -0.000381470
      2.39300 -0.000320430
      2.39350  -0.00132751
      2.39400  -0.00151062
      2.39450 -0.000503540
      2.39500 -0.000183110
      2.39550 -0.000381470
      2.39600 -0.000442500
      2.39650 -0.000411990
      2.39700      0.00000
      2.39750  0.000152590
      2.39800 -0.000259400
      2.39850 -0.000503540
      2.39900  0.000457760
      2.39950  0.000442500
      2.40000 -0.000488280
      2.40050 -9.15500e-05
      2.40100  0.000152590
      2.40150 -0.000366210
      2.40200 -0.000717160
      2.40250 -0.000976560
      2.40300 -0.000778200
      2.40350 -0.000366210
      2.40390  -0.00152588
      2.40440  -0.00131226
      2.40490  3.05200e-05
      2.40540 -0.000259400
      2.40590 -0.000656130
      2.40640 -0.000762940
      2.40690 -0.000839230
      2.40740  -0.00120544
      2.40790 -0.000808720
      2.40840 -0.000228880
      2.40890  -0.00103760
      2.40940 -0.000564580
      2.40990 -0.000305180
      2.41040 -0.000274660
      2.41090   0.00134277
      2.41140  0.000640870
      2.41190      0.00000
      2.41240   0.00103760
      2.41290  0.000335690
      2.41340 -0.000915530
      2.41390 -0.000854490
      2.41440 -0.000167850
      2.41490  3.05200e-05
      2.41540 -6.10400e-05
      2.41590 -0.000122070
      2.41640 -0.000534060
      2.41690 -0.000610350
      2.41740 -0.000442500
      2.41790 -0.000579830
      2.41840 -0.000549320
      2.41890 -7.62900e-05
      2.41940 -0.000244140
      2.41990 -0.000701900
      2.42040 -0.000564580
      2.42090 -0.000610350
      2.42140 -0.000747680
      2.42180 -0.000595090
      2.42230 -0.000625610
      2.42280 -0.000549320
      2.42330      0.00000
      2.42380  0.000549320
      2.42430  0.000549320
      2.42480 -0.000396730
      2.42530 -0.000701900
      2.42580   0.00160217
      2.42630   0.00120544
      2.42680 -0.000106810
      2.42730  0.000473020
      2.42780  0.000976560
      2.42830  0.000534060
      2.42880 -0.000259400
      2.42930 -1.52600e-05
      2.42980 -0.000656130
      2.43030 -0.000473020
      2.43080 -0.000289920
      2.43130 -0.000427250
      2.43180 -0.000366210
      2.43230 -0.000579830
      2.43280 -0.000442500
      2.43330 -0.000991820
      2.43380 -0.000595090
      2.43430 -0.000411990
      2.43480 -0.000961300
      2.43530 -0.000213620
      2.43580 -0.000854490
      2.43630 -0.000930790
      2.43680 -0.000152590
      2.43730 -0.000213620
      2.43780 -0.000656130
      2.43830 -0.000656130
      2.43880 -0.000473020
      2.43930 -0.000778200
      2.43970 -0.000778200
      2.44020 -0.000747680
      2.44070 -0.000823970
      2.44120  -0.00158691
      2.44170  -0.00173950
      2.44220 -0.000244140
      2.44270  0.000137330
      2.44320 -0.000335690
      2.44370 -0.000793460
      2.44420 -0.000900270
      2.44470  -0.00135803
      2.44520  -0.00227356
      2.44570  -0.00173950
      2.44620 -0.000640870
      2.44670 -0.000793460
      2.44720 -0.000503540
      2.44770  0.000518800
      2.44820  0.000488280
      2.44870 -0.000320430
      2.44920 -0.000808720
      2.44970 -0.000579830
      2.45020 -0.000381470
      2.45070 -0.000259400
      2.45120  0.000274660
      2.45170 -4.57800e-05
      2.45220 -0.000885010
      2.45270 -0.000732420
      2.45320 -0.000549320
      2.45370 -0.000625610
      2.45420 -0.000823970
      2.45470 -0.000350950
      2.45520 -0.000198360
      2.45570 -0.000701900
      2.45620  0.000366210
      2.45670  0.000396730
      2.45720 -0.000289920
      2.45760 -0.000289920
      2.45810 -0.000930790
      2.45860  -0.00109863
      2.45910 -0.000488280
      2.45960  -0.00201416
      2.46010  -0.00262451
      2.46060 -0.000762940
      2.46110  3.05200e-05
      2.46160  0.000228880
      2.46210      0.00000
      2.46260 -4.57800e-05
      2.46310   0.00172424
      2.46360   0.00109863
      2.46410 -0.000549320
      2.46460 -0.000457760
      2.46510 -0.000335690
      2.46560 -0.000946040
      2.46610  -0.00122070
      2.46660 -0.000595090
      2.46710 -0.000732420
      2.46760 -0.000778200
      2.46810  -0.00109863
      2.46860 -0.000701900
      2.46910 -0.000946040
      2.46960 -0.000976560
      2.47010 -0.000305180
      2.47060 -0.000167850
      2.47110 -0.000717160
      2.47160  -0.00108337
      2.47210 -0.000762940
      2.47260 -0.000762940
      2.47310 -0.000946040
      2.47360 -0.000900270
      2.47410  -0.00146484
      2.47460  -0.00119019
      2.47500 -0.000701900
      2.47550  -0.00100708
      2.47600 -0.000518800
      2.47650 -0.000427250
      2.47700  0.000991820
      2.47750  0.000900270
      2.47800 -0.000854490
      2.47850 -0.000793460
      2.47900 -0.000579830
      2.47950  -0.00172424
      2.48000  -0.00152588
      2.48050   0.00146484
      2.48100   0.00193787
      2.48150  0.000320430
      2.48200 -0.000473020
      2.48250  -0.00141907
      2.48300  -0.00126648
      2.48350  -0.00108337
      2.48400 -0.000930790
      2.48450      0.00000
      2.48500  0.000137330
      2.48550  -0.00108337
      2.48600  -0.00245667
