  3.2500    0.002
  3.2505    0.002
  3.2510    0.002
  3.2515    0.002
  3.2520    0.001
  3.2525    0.001
  3.2530    0.001
  3.2535    0.001
  3.2540    0.001
  3.2545    0.000
  3.2550    0.000
  3.2555    0.000
  3.2560    0.000
  3.2565    0.000
  3.2570    0.000
  3.2575    0.000
  3.2580    0.000
  3.2585    0.000
  3.2590    0.000
  3.2595    0.000
  3.2600    0.000
  3.2605   -0.000
  3.2610   -0.000
  3.2615   -0.000
  3.2620   -0.000
  3.2625   -0.000
  3.2630   -0.000
  3.2635   -0.000
  3.2640   -0.001
  3.2645   -0.001
  3.2650   -0.001
  3.2655   -0.001
  3.2660   -0.001
  3.2665   -0.001
  3.2670   -0.001
  3.2675   -0.001
  3.2680   -0.001
  3.2685   -0.001
  3.2690   -0.001
  3.2695   -0.001
  3.2700   -0.001
  3.2705   -0.000
  3.2710   -0.000
  3.2715   -0.000
  3.2720   -0.000
  3.2725   -0.000
  3.2730   -0.000
  3.2735   -0.000
  3.2740   -0.000
  3.2745   -0.000
  3.2750    0.000
  3.2755   -0.000
  3.2760   -0.000
  3.2765   -0.000
  3.2770   -0.000
  3.2775   -0.000
  3.2780   -0.000
  3.2785   -0.001
  3.2790   -0.001
  3.2795   -0.001
  3.2800   -0.001
  3.2805   -0.001
  3.2810   -0.001
  3.2815   -0.000
  3.2820   -0.000
  3.2825   -0.000
  3.2830   -0.000
  3.2835   -0.000
  3.2840   -0.000
  3.2845   -0.000
  3.2850    0.000
  3.2855   -0.000
  3.2860   -0.000
  3.2865   -0.000
  3.2870   -0.000
  3.2875   -0.000
  3.2880   -0.001
  3.2885   -0.001
  3.2890   -0.001
  3.2895   -0.001
  3.2900   -0.001
  3.2905   -0.001
  3.2910   -0.001
  3.2915   -0.001
  3.2920   -0.000
  3.2925   -0.000
  3.2930   -0.000
  3.2935   -0.000
  3.2940   -0.000
  3.2945   -0.000
  3.2950    0.000
  3.2955    0.000
  3.2960    0.000
  3.2965    0.000
  3.2970    0.000
  3.2975    0.000
  3.2980    0.000
  3.2985    0.000
  3.2990    0.000
  3.2995    0.000
  3.3000    0.001
  3.3005    0.001
  3.3010    0.001
  3.3015    0.001
  3.3020    0.001
  3.3025    0.002
  3.3030    0.002
  3.3035    0.002
  3.3040    0.002
  3.3045    0.002
  3.3050    0.002
  3.3055    0.002
  3.3060    0.002
  3.3065    0.003
  3.3070    0.003
  3.3075    0.003
  3.3080    0.003
  3.3085    0.002
  3.3090    0.002
  3.3095    0.002
  3.3100    0.002
  3.3105    0.002
  3.3110    0.002
  3.3115    0.002
  3.3120    0.002
  3.3125    0.002
  3.3130    0.001
  3.3135    0.001
  3.3140    0.001
  3.3145    0.000
  3.3150    0.000
  3.3155    0.000
  3.3160    0.001
  3.3165    0.001
  3.3170    0.001
  3.3175    0.001
  3.3180    0.001
  3.3185    0.001
  3.3190    0.001
  3.3195    0.001
  3.3200    0.002
  3.3205    0.002
  3.3210    0.002
  3.3215    0.002
  3.3220    0.003
  3.3225    0.003
  3.3230    0.003
  3.3235    0.004
  3.3240    0.004
  3.3245    0.004
  3.3250    0.005
  3.3255    0.005
  3.3260    0.005
  3.3265    0.005
  3.3270    0.005
  3.3275    0.005
  3.3280    0.005
  3.3285    0.005
  3.3290    0.005
  3.3295    0.005
  3.3300    0.006
  3.3305    0.006
  3.3310    0.007
  3.3315    0.007
  3.3320    0.007
  3.3325    0.007
  3.3330    0.007
  3.3335    0.007
  3.3340    0.007
  3.3345    0.007
  3.3350    0.007
  3.3355    0.007
  3.3360    0.007
  3.3365    0.008
  3.3370    0.008
  3.3375    0.008
  3.3380    0.008
  3.3385    0.007
  3.3390    0.007
  3.3395    0.007
  3.3400    0.007
  3.3405    0.007
  3.3410    0.007
  3.3415    0.007
  3.3420    0.008
  3.3425    0.008
  3.3430    0.008
  3.3435    0.008
  3.3440    0.007
  3.3445    0.007
  3.3450    0.006
  3.3455    0.006
  3.3460    0.006
  3.3465    0.007
  3.3470    0.007
  3.3475    0.008
  3.3480    0.009
  3.3485    0.010
  3.3490    0.011
  3.3495    0.011
  3.3500    0.012
  3.3505    0.012
  3.3510    0.012
  3.3515    0.012
  3.3520    0.012
  3.3525    0.012
  3.3530    0.012
  3.3535    0.012
  3.3540    0.012
  3.3545    0.011
  3.3550    0.011
  3.3555    0.010
  3.3560    0.009
  3.3565    0.009
  3.3570    0.009
  3.3575    0.009
  3.3580    0.010
  3.3585    0.011
  3.3590    0.011
  3.3595    0.012
  3.3600    0.012
  3.3605    0.012
  3.3610    0.013
  3.3615    0.013
  3.3620    0.013
  3.3625    0.013
  3.3630    0.013
  3.3635    0.013
  3.3640    0.013
  3.3645    0.014
  3.3650    0.014
  3.3655    0.014
  3.3660    0.014
  3.3665    0.014
  3.3670    0.013
  3.3675    0.012
  3.3680    0.012
  3.3685    0.012
  3.3690    0.012
  3.3695    0.012
  3.3700    0.013
  3.3705    0.014
  3.3710    0.015
  3.3715    0.015
  3.3720    0.016
  3.3725    0.017
  3.3730    0.018
  3.3735    0.018
  3.3740    0.019
  3.3745    0.020
  3.3750    0.020
  3.3755    0.020
  3.3760    0.020
  3.3765    0.020
  3.3770    0.020
  3.3775    0.019
  3.3780    0.018
  3.3785    0.018
  3.3790    0.017
  3.3795    0.015
  3.3800    0.015
  3.3805    0.015
  3.3810    0.016
  3.3815    0.017
  3.3820    0.019
  3.3825    0.020
  3.3830    0.022
  3.3835    0.023
  3.3840    0.023
  3.3845    0.024
  3.3850    0.024
  3.3855    0.025
  3.3860    0.025
  3.3865    0.025
  3.3870    0.026
  3.3875    0.026
  3.3880    0.026
  3.3885    0.026
  3.3890    0.026
  3.3895    0.025
  3.3900    0.024
  3.3905    0.022
  3.3910    0.020
  3.3915    0.019
  3.3920    0.019
  3.3925    0.019
  3.3930    0.021
  3.3935    0.022
  3.3940    0.024
  3.3945    0.026
  3.3950    0.027
  3.3955    0.029
  3.3960    0.029
  3.3965    0.030
  3.3970    0.030
  3.3975    0.031
  3.3980    0.031
  3.3985    0.031
  3.3990    0.032
  3.3995    0.032
  3.4000    0.032
  3.4005    0.032
  3.4010    0.032
  3.4015    0.032
  3.4020    0.030
  3.4025    0.029
  3.4030    0.027
  3.4035    0.026
  3.4040    0.025
  3.4045    0.026
  3.4050    0.027
  3.4055    0.029
  3.4060    0.031
  3.4065    0.032
  3.4070    0.034
  3.4075    0.035
  3.4080    0.036
  3.4085    0.037
  3.4090    0.038
  3.4095    0.038
  3.4100    0.039
  3.4105    0.040
  3.4110    0.041
  3.4115    0.042
  3.4120    0.043
  3.4125    0.043
  3.4130    0.044
  3.4135    0.043
  3.4140    0.042
  3.4145    0.040
  3.4150    0.037
  3.4155    0.036
  3.4160    0.035
  3.4165    0.035
  3.4170    0.037
  3.4175    0.040
  3.4180    0.043
  3.4185    0.046
  3.4190    0.049
  3.4195    0.050
  3.4200    0.052
  3.4205    0.053
  3.4210    0.053
  3.4215    0.054
  3.4220    0.054
  3.4225    0.055
  3.4230    0.055
  3.4235    0.055
  3.4240    0.055
  3.4245    0.055
  3.4250    0.054
  3.4255    0.053
  3.4260    0.051
  3.4265    0.050
  3.4270    0.048
  3.4275    0.048
  3.4280    0.047
  3.4285    0.048
  3.4290    0.050
  3.4295    0.052
  3.4300    0.055
  3.4305    0.059
  3.4310    0.061
  3.4315    0.064
  3.4320    0.066
  3.4325    0.067
  3.4330    0.068
  3.4335    0.068
  3.4340    0.068
  3.4345    0.069
  3.4350    0.069
  3.4355    0.070
  3.4360    0.071
  3.4365    0.071
  3.4370    0.071
  3.4375    0.072
  3.4380    0.071
  3.4385    0.070
  3.4390    0.068
  3.4395    0.067
  3.4400    0.065
  3.4405    0.066
  3.4410    0.068
  3.4415    0.070
  3.4420    0.073
  3.4425    0.076
  3.4430    0.079
  3.4435    0.082
  3.4440    0.084
  3.4445    0.085
  3.4450    0.086
  3.4455    0.087
  3.4460    0.088
  3.4465    0.089
  3.4470    0.090
  3.4475    0.092
  3.4480    0.093
  3.4485    0.095
  3.4490    0.096
  3.4495    0.098
  3.4500    0.098
  3.4505    0.099
  3.4510    0.099
  3.4515    0.098
  3.4520    0.097
  3.4525    0.097
  3.4530    0.096
  3.4535    0.097
  3.4540    0.098
  3.4545    0.100
  3.4550    0.103
  3.4555    0.106
  3.4560    0.110
  3.4565    0.113
  3.4570    0.116
  3.4575    0.118
  3.4580    0.120
  3.4585    0.121
  3.4590    0.123
  3.4595    0.124
  3.4600    0.124
  3.4605    0.125
  3.4610    0.127
  3.4615    0.128
  3.4620    0.128
  3.4625    0.129
  3.4630    0.129
  3.4635    0.129
  3.4640    0.129
  3.4645    0.129
  3.4650    0.129
  3.4655    0.129
  3.4660    0.130
  3.4665    0.131
  3.4670    0.133
  3.4675    0.135
  3.4680    0.138
  3.4685    0.141
  3.4690    0.143
  3.4695    0.145
  3.4700    0.147
  3.4705    0.148
  3.4710    0.150
  3.4715    0.151
  3.4720    0.152
  3.4725    0.152
  3.4730    0.153
  3.4735    0.153
  3.4740    0.154
  3.4745    0.154
  3.4750    0.155
  3.4755    0.156
  3.4760    0.158
  3.4765    0.159
  3.4770    0.160
  3.4775    0.162
  3.4780    0.164
  3.4785    0.166
  3.4790    0.169
  3.4795    0.171
  3.4800    0.174
  3.4805    0.178
  3.4810    0.181
  3.4815    0.184
  3.4820    0.187
  3.4825    0.189
  3.4830    0.192
  3.4835    0.194
  3.4840    0.196
  3.4845    0.197
  3.4850    0.199
  3.4855    0.200
  3.4860    0.202
  3.4865    0.203
  3.4870    0.204
  3.4875    0.206
  3.4880    0.207
  3.4885    0.208
  3.4890    0.210
  3.4895    0.212
  3.4900    0.215
  3.4905    0.218
  3.4910    0.221
  3.4915    0.225
  3.4920    0.228
  3.4925    0.230
  3.4930    0.233
  3.4935    0.236
  3.4940    0.238
  3.4945    0.242
  3.4950    0.245
  3.4955    0.247
  3.4960    0.249
  3.4965    0.252
  3.4970    0.253
  3.4975    0.254
  3.4980    0.255
  3.4985    0.255
  3.4990    0.256
  3.4995    0.258
  3.5000    0.259
  3.5005    0.262
  3.5010    0.264
  3.5015    0.267
  3.5020    0.269
  3.5025    0.271
  3.5030    0.273
  3.5035    0.275
  3.5040    0.277
  3.5045    0.281
  3.5050    0.284
  3.5055    0.287
  3.5060    0.290
  3.5065    0.293
  3.5070    0.295
  3.5075    0.297
  3.5080    0.298
  3.5085    0.300
  3.5090    0.301
  3.5095    0.301
  3.5100    0.301
  3.5105    0.303
  3.5110    0.305
  3.5115    0.307
  3.5120    0.311
  3.5125    0.314
  3.5130    0.318
  3.5135    0.321
  3.5140    0.324
  3.5145    0.327
  3.5150    0.330
  3.5155    0.333
  3.5160    0.336
  3.5165    0.339
  3.5170    0.342
  3.5175    0.345
  3.5180    0.347
  3.5185    0.350
  3.5190    0.352
  3.5195    0.355
  3.5200    0.357
  3.5205    0.359
  3.5210    0.362
  3.5215    0.364
  3.5220    0.367
  3.5225    0.369
  3.5230    0.372
  3.5235    0.374
  3.5240    0.377
  3.5245    0.379
  3.5250    0.380
  3.5255    0.381
  3.5260    0.382
  3.5265    0.382
  3.5270    0.383
  3.5275    0.385
  3.5280    0.388
  3.5285    0.390
  3.5290    0.393
  3.5295    0.396
  3.5300    0.399
  3.5305    0.401
  3.5310    0.403
  3.5315    0.404
  3.5320    0.405
  3.5325    0.405
  3.5330    0.405
  3.5335    0.405
  3.5340    0.404
  3.5345    0.403
  3.5350    0.402
  3.5355    0.403
  3.5360    0.403
  3.5365    0.406
  3.5370    0.410
  3.5375    0.413
  3.5380    0.416
  3.5385    0.419
  3.5390    0.420
  3.5395    0.421
  3.5400    0.422
  3.5405    0.424
  3.5410    0.426
  3.5415    0.428
  3.5420    0.431
  3.5425    0.434
  3.5430    0.438
  3.5435    0.441
  3.5440    0.445
  3.5445    0.448
  3.5450    0.451
  3.5455    0.452
  3.5460    0.454
  3.5465    0.457
  3.5470    0.459
  3.5475    0.462
  3.5480    0.466
  3.5485    0.470
  3.5490    0.475
  3.5495    0.479
  3.5500    0.483
  3.5505    0.485
  3.5510    0.488
  3.5515    0.490
  3.5520    0.490
  3.5525    0.491
  3.5530    0.492
  3.5535    0.492
  3.5540    0.494
  3.5545    0.496
  3.5550    0.499
  3.5555    0.503
  3.5560    0.508
  3.5565    0.511
  3.5570    0.514
  3.5575    0.517
  3.5580    0.518
  3.5585    0.519
  3.5590    0.520
  3.5595    0.522
  3.5600    0.523
  3.5605    0.527
  3.5610    0.531
  3.5615    0.535
  3.5620    0.538
  3.5625    0.542
  3.5630    0.542
  3.5635    0.542
  3.5640    0.541
  3.5645    0.539
  3.5650    0.537
  3.5655    0.535
  3.5660    0.533
  3.5665    0.532
  3.5670    0.533
  3.5675    0.533
  3.5680    0.535
  3.5685    0.537
  3.5690    0.540
  3.5695    0.543
  3.5700    0.546
  3.5705    0.547
  3.5710    0.548
  3.5715    0.549
  3.5720    0.548
  3.5725    0.548
  3.5730    0.547
  3.5735    0.547
  3.5740    0.547
  3.5745    0.550
  3.5750    0.553
  3.5755    0.557
  3.5760    0.562
  3.5765    0.567
  3.5770    0.572
  3.5775    0.576
  3.5780    0.580
  3.5785    0.582
  3.5790    0.584
  3.5795    0.583
  3.5800    0.582
  3.5805    0.580
  3.5810    0.579
  3.5815    0.578
  3.5820    0.578
  3.5825    0.580
  3.5830    0.581
  3.5835    0.583
  3.5840    0.585
  3.5845    0.586
  3.5850    0.586
  3.5855    0.587
  3.5860    0.589
  3.5865    0.591
  3.5870    0.594
  3.5875    0.597
  3.5880    0.601
  3.5885    0.605
  3.5890    0.610
  3.5895    0.614
  3.5900    0.617
  3.5905    0.620
  3.5910    0.621
  3.5915    0.620
  3.5920    0.620
  3.5925    0.621
  3.5930    0.622
  3.5935    0.624
  3.5940    0.628
  3.5945    0.631
  3.5950    0.634
  3.5955    0.636
  3.5960    0.638
  3.5965    0.639
  3.5970    0.640
  3.5975    0.641
  3.5980    0.643
  3.5985    0.644
  3.5990    0.646
  3.5995    0.647
  3.6000    0.648
  3.6005    0.650
  3.6010    0.651
  3.6015    0.653
  3.6020    0.655
  3.6025    0.657
  3.6030    0.657
  3.6035    0.658
  3.6040    0.655
  3.6045    0.652
  3.6050    0.649
  3.6055    0.644
  3.6060    0.639
  3.6065    0.636
  3.6070    0.636
  3.6075    0.635
  3.6080    0.641
  3.6085    0.646
  3.6090    0.652
  3.6095    0.657
  3.6100    0.662
  3.6105    0.665
  3.6110    0.666
  3.6115    0.667
  3.6120    0.667
  3.6125    0.667
  3.6130    0.668
  3.6135    0.669
  3.6140    0.670
  3.6145    0.672
  3.6150    0.675
  3.6155    0.677
  3.6160    0.678
  3.6165    0.680
  3.6170    0.682
  3.6175    0.683
  3.6180    0.685
  3.6185    0.687
  3.6190    0.689
  3.6195    0.691
  3.6200    0.693
  3.6205    0.695
  3.6210    0.696
  3.6215    0.697
  3.6220    0.698
  3.6225    0.698
  3.6230    0.698
  3.6235    0.697
  3.6240    0.695
  3.6245    0.692
  3.6250    0.687
  3.6255    0.683
  3.6260    0.679
  3.6265    0.678
  3.6270    0.677
  3.6275    0.680
  3.6280    0.684
  3.6285    0.689
  3.6290    0.694
  3.6295    0.699
  3.6300    0.703
  3.6305    0.705
  3.6310    0.707
  3.6315    0.709
  3.6320    0.710
  3.6325    0.711
  3.6330    0.712
  3.6335    0.713
  3.6340    0.714
  3.6345    0.714
  3.6350    0.714
  3.6355    0.715
  3.6360    0.716
  3.6365    0.717
  3.6370    0.719
  3.6375    0.721
  3.6380    0.723
  3.6385    0.724
  3.6390    0.726
  3.6395    0.726
  3.6400    0.727
  3.6405    0.728
  3.6410    0.729
  3.6415    0.730
  3.6420    0.730
  3.6425    0.730
  3.6430    0.730
  3.6435    0.727
  3.6440    0.724
  3.6445    0.720
  3.6450    0.714
  3.6455    0.708
  3.6460    0.703
  3.6465    0.700
  3.6470    0.696
  3.6475    0.699
  3.6480    0.703
  3.6485    0.708
  3.6490    0.714
  3.6495    0.720
  3.6500    0.723
  3.6505    0.727
  3.6510    0.730
  3.6515    0.731
  3.6520    0.733
  3.6525    0.735
  3.6530    0.737
  3.6535    0.739
  3.6540    0.740
  3.6545    0.742
  3.6550    0.743
  3.6555    0.744
  3.6560    0.745
  3.6565    0.746
  3.6570    0.747
  3.6575    0.748
  3.6580    0.748
  3.6585    0.748
  3.6590    0.749
  3.6595    0.749
  3.6600    0.749
  3.6605    0.748
  3.6610    0.748
  3.6615    0.747
  3.6620    0.747
  3.6625    0.747
  3.6630    0.748
  3.6635    0.747
  3.6640    0.746
  3.6645    0.744
  3.6650    0.739
  3.6655    0.734
  3.6660    0.729
  3.6665    0.723
  3.6670    0.718
  3.6675    0.719
  3.6680    0.720
  3.6685    0.722
  3.6690    0.726
  3.6695    0.730
  3.6700    0.731
  3.6705    0.730
  3.6710    0.730
  3.6715    0.727
  3.6720    0.723
  3.6725    0.720
  3.6730    0.717
  3.6735    0.715
  3.6740    0.714
  3.6745    0.715
  3.6750    0.715
  3.6755    0.718
  3.6760    0.721
  3.6765    0.724
  3.6770    0.729
  3.6775    0.734
  3.6780    0.738
  3.6785    0.741
  3.6790    0.745
  3.6795    0.747
  3.6800    0.748
  3.6805    0.749
  3.6810    0.749
  3.6815    0.748
  3.6820    0.748
  3.6825    0.749
  3.6830    0.749
  3.6835    0.749
  3.6840    0.750
  3.6845    0.751
  3.6850    0.749
  3.6855    0.747
  3.6860    0.745
  3.6865    0.742
  3.6870    0.739
  3.6875    0.737
  3.6880    0.738
  3.6885    0.739
  3.6890    0.741
  3.6895    0.745
  3.6900    0.748
  3.6905    0.750
  3.6910    0.752
  3.6915    0.754
  3.6920    0.754
  3.6925    0.755
  3.6930    0.755
  3.6935    0.756
  3.6940    0.757
  3.6945    0.757
  3.6950    0.758
  3.6955    0.758
  3.6960    0.758
  3.6965    0.758
  3.6970    0.758
  3.6975    0.759
  3.6980    0.759
  3.6985    0.759
  3.6990    0.760
  3.6995    0.760
  3.7000    0.760
  3.7005    0.760
  3.7010    0.761
  3.7015    0.761
  3.7020    0.761
  3.7025    0.761
  3.7030    0.761
  3.7035    0.760
  3.7040    0.759
  3.7045    0.758
  3.7050    0.757
  3.7055    0.755
  3.7060    0.754
  3.7065    0.752
  3.7070    0.750
  3.7075    0.748
  3.7080    0.746
  3.7085    0.745
  3.7090    0.743
  3.7095    0.743
  3.7100    0.743
  3.7105    0.743
  3.7110    0.744
  3.7115    0.744
  3.7120    0.745
  3.7125    0.745
  3.7130    0.745
  3.7135    0.745
  3.7140    0.746
  3.7145    0.747
  3.7150    0.748
  3.7155    0.748
  3.7160    0.749
  3.7165    0.749
  3.7170    0.749
  3.7175    0.749
  3.7180    0.750
  3.7185    0.751
  3.7190    0.752
  3.7195    0.753
  3.7200    0.754
  3.7205    0.754
  3.7210    0.754
  3.7215    0.754
  3.7220    0.753
  3.7225    0.753
  3.7230    0.752
  3.7235    0.751
  3.7240    0.750
  3.7245    0.749
  3.7250    0.748
  3.7255    0.747
  3.7260    0.746
  3.7265    0.745
  3.7270    0.743
  3.7275    0.742
  3.7280    0.740
  3.7285    0.738
  3.7290    0.737
  3.7295    0.735
  3.7300    0.734
  3.7305    0.734
  3.7310    0.734
  3.7315    0.734
  3.7320    0.733
  3.7325    0.732
  3.7330    0.731
  3.7335    0.729
  3.7340    0.727
  3.7345    0.728
  3.7350    0.728
  3.7355    0.729
  3.7360    0.730
  3.7365    0.732
  3.7370    0.733
  3.7375    0.734
  3.7380    0.734
  3.7385    0.734
  3.7390    0.734
  3.7395    0.734
  3.7400    0.734
  3.7405    0.733
  3.7410    0.733
  3.7415    0.733
  3.7420    0.734
  3.7425    0.734
  3.7430    0.735
  3.7435    0.737
  3.7440    0.737
  3.7445    0.738
  3.7450    0.738
  3.7455    0.738
  3.7460    0.738
  3.7465    0.738
  3.7470    0.737
  3.7475    0.736
  3.7480    0.735
  3.7485    0.733
  3.7490    0.731
  3.7495    0.729
  3.7500    0.728
  3.7505    0.726
  3.7510    0.725
  3.7515    0.725
  3.7520    0.725
  3.7525    0.725
  3.7530    0.726
  3.7535    0.726
  3.7540    0.726
  3.7545    0.726
  3.7550    0.725
  3.7555    0.726
  3.7560    0.726
  3.7565    0.726
  3.7570    0.727
  3.7575    0.727
  3.7580    0.727
  3.7585    0.726
  3.7590    0.725
  3.7595    0.724
  3.7600    0.724
  3.7605    0.724
  3.7610    0.724
  3.7615    0.723
  3.7620    0.723
  3.7625    0.722
  3.7630    0.721
  3.7635    0.720
  3.7640    0.718
  3.7645    0.717
  3.7650    0.716
  3.7655    0.716
  3.7660    0.717
  3.7665    0.717
  3.7670    0.718
  3.7675    0.720
  3.7680    0.721
  3.7685    0.721
  3.7690    0.720
  3.7695    0.719
  3.7700    0.718
  3.7705    0.717
  3.7710    0.716
  3.7715    0.716
  3.7720    0.717
  3.7725    0.716
  3.7730    0.716
  3.7735    0.716
  3.7740    0.716
  3.7745    0.715
  3.7750    0.715
  3.7755    0.716
  3.7760    0.717
  3.7765    0.717
  3.7770    0.718
  3.7775    0.719
  3.7780    0.720
  3.7785    0.720
  3.7790    0.719
  3.7795    0.719
  3.7800    0.718
  3.7805    0.717
  3.7810    0.716
  3.7815    0.716
  3.7820    0.715
  3.7825    0.714
  3.7830    0.714
  3.7835    0.713
  3.7840    0.713
  3.7845    0.713
  3.7850    0.713
  3.7855    0.714
  3.7860    0.714
  3.7865    0.714
  3.7870    0.712
  3.7875    0.710
  3.7880    0.709
  3.7885    0.706
  3.7890    0.704
  3.7895    0.702
  3.7900    0.701
  3.7905    0.701
  3.7910    0.701
  3.7915    0.701
  3.7920    0.702
  3.7925    0.702
  3.7930    0.703
  3.7935    0.704
  3.7940    0.705
  3.7945    0.707
  3.7950    0.708
  3.7955    0.709
  3.7960    0.709
  3.7965    0.710
  3.7970    0.710
  3.7975    0.709
  3.7980    0.709
  3.7985    0.709
  3.7990    0.709
  3.7995    0.710
  3.8000    0.710
  3.8005    0.710
  3.8010    0.710
  3.8015    0.710
  3.8020    0.710
  3.8025    0.709
  3.8030    0.709
  3.8035    0.708
  3.8040    0.708
  3.8045    0.708
  3.8050    0.708
  3.8055    0.708
  3.8060    0.708
  3.8065    0.708
  3.8070    0.708
  3.8075    0.707
  3.8080    0.707
  3.8085    0.706
  3.8090    0.705
  3.8095    0.704
  3.8100    0.703
  3.8105    0.702
  3.8110    0.701
  3.8115    0.699
  3.8120    0.698
  3.8125    0.697
  3.8130    0.697
  3.8135    0.696
  3.8140    0.696
  3.8145    0.698
  3.8150    0.699
  3.8155    0.700
  3.8160    0.701
  3.8165    0.702
  3.8170    0.702
  3.8175    0.702
  3.8180    0.702
  3.8185    0.702
  3.8190    0.702
  3.8195    0.702
  3.8200    0.703
  3.8205    0.703
  3.8210    0.704
  3.8215    0.705
  3.8220    0.705
  3.8225    0.705
  3.8230    0.705
  3.8235    0.705
  3.8240    0.705
  3.8245    0.704
  3.8250    0.704
  3.8255    0.704
  3.8260    0.703
  3.8265    0.703
  3.8270    0.703
  3.8275    0.704
  3.8280    0.704
  3.8285    0.704
  3.8290    0.704
  3.8295    0.705
  3.8300    0.705
  3.8305    0.704
  3.8310    0.704
  3.8315    0.703
  3.8320    0.701
  3.8325    0.699
  3.8330    0.698
  3.8335    0.697
  3.8340    0.695
  3.8345    0.694
  3.8350    0.694
  3.8355    0.694
  3.8360    0.694
  3.8365    0.695
  3.8370    0.696
  3.8375    0.696
  3.8380    0.696
  3.8385    0.697
  3.8390    0.697
  3.8395    0.697
  3.8400    0.697
  3.8405    0.697
  3.8410    0.696
  3.8415    0.696
  3.8420    0.696
  3.8425    0.695
  3.8430    0.694
  3.8435    0.694
  3.8440    0.693
  3.8445    0.692
  3.8450    0.691
  3.8455    0.691
  3.8460    0.690
  3.8465    0.690
  3.8470    0.690
  3.8475    0.690
  3.8480    0.690
  3.8485    0.691
  3.8490    0.691
  3.8495    0.692
  3.8500    0.692
  3.8505    0.693
  3.8510    0.693
  3.8515    0.693
  3.8520    0.694
  3.8525    0.694
  3.8530    0.693
  3.8535    0.693
  3.8540    0.693
  3.8545    0.692
  3.8550    0.691
  3.8555    0.690
  3.8560    0.690
  3.8565    0.689
  3.8570    0.688
  3.8575    0.687
  3.8580    0.687
  3.8585    0.686
  3.8590    0.685
  3.8595    0.684
  3.8600    0.683
  3.8605    0.683
  3.8610    0.682
  3.8615    0.681
  3.8620    0.680
  3.8625    0.679
  3.8630    0.678
  3.8635    0.677
  3.8640    0.675
  3.8645    0.674
  3.8650    0.673
  3.8655    0.671
  3.8660    0.670
  3.8665    0.669
  3.8670    0.667
  3.8675    0.666
  3.8680    0.664
  3.8685    0.662
  3.8690    0.661
  3.8695    0.659
  3.8700    0.658
  3.8705    0.656
  3.8710    0.655
  3.8715    0.653
  3.8720    0.651
  3.8725    0.649
  3.8730    0.648
  3.8735    0.646
  3.8740    0.645
  3.8745    0.643
  3.8750    0.642
  3.8755    0.640
  3.8760    0.639
  3.8765    0.637
  3.8770    0.636
  3.8775    0.634
  3.8780    0.633
  3.8785    0.632
  3.8790    0.631
  3.8795    0.630
  3.8800    0.630
  3.8805    0.629
  3.8810    0.630
  3.8815    0.630
  3.8820    0.631
  3.8825    0.631
  3.8830    0.631
  3.8835    0.631
  3.8840    0.630
  3.8845    0.629
  3.8850    0.629
  3.8855    0.630
  3.8860    0.631
  3.8865    0.632
  3.8870    0.632
  3.8875    0.632
  3.8880    0.633
  3.8885    0.632
  3.8890    0.631
  3.8895    0.631
  3.8900    0.632
  3.8905    0.634
  3.8910    0.636
  3.8915    0.638
  3.8920    0.640
  3.8925    0.642
  3.8930    0.643
  3.8935    0.644
  3.8940    0.645
  3.8945    0.646
  3.8950    0.648
  3.8955    0.649
  3.8960    0.652
  3.8965    0.656
  3.8970    0.659
  3.8975    0.662
  3.8980    0.664
  3.8985    0.667
  3.8990    0.669
  3.8995    0.670
  3.9000    0.671
  3.9005    0.671
  3.9010    0.670
  3.9015    0.670
  3.9020    0.668
  3.9025    0.667
  3.9030    0.665
  3.9035    0.663
  3.9040    0.662
  3.9045    0.660
  3.9050    0.659
  3.9055    0.657
  3.9060    0.656
  3.9065    0.655
  3.9070    0.653
  3.9075    0.651
  3.9080    0.649
  3.9085    0.646
  3.9090    0.643
  3.9095    0.640
  3.9100    0.636
  3.9105    0.632
  3.9110    0.628
  3.9115    0.626
  3.9120    0.625
  3.9125    0.623
  3.9130    0.625
  3.9135    0.626
  3.9140    0.627
  3.9145    0.628
  3.9150    0.630
  3.9155    0.631
  3.9160    0.632
  3.9165    0.632
  3.9170    0.633
  3.9175    0.633
  3.9180    0.633
  3.9185    0.633
  3.9190    0.632
  3.9195    0.632
  3.9200    0.632
  3.9205    0.632
  3.9210    0.632
  3.9215    0.632
  3.9220    0.632
  3.9225    0.631
  3.9230    0.631
  3.9235    0.631
  3.9240    0.631
  3.9245    0.631
  3.9250    0.631
  3.9255    0.630
  3.9260    0.630
  3.9265    0.630
  3.9270    0.630
  3.9275    0.630
  3.9280    0.631
  3.9285    0.631
  3.9290    0.631
  3.9295    0.632
  3.9300    0.632
  3.9305    0.633
  3.9310    0.633
  3.9315    0.634
  3.9320    0.634
  3.9325    0.635
  3.9330    0.635
  3.9335    0.636
  3.9340    0.636
  3.9345    0.637
  3.9350    0.637
  3.9355    0.637
  3.9360    0.638
  3.9365    0.638
  3.9370    0.638
  3.9375    0.638
  3.9380    0.639
  3.9385    0.639
  3.9390    0.639
  3.9395    0.639
  3.9400    0.639
  3.9405    0.638
  3.9410    0.638
  3.9415    0.638
  3.9420    0.638
  3.9425    0.638
  3.9430    0.639
  3.9435    0.639
  3.9440    0.640
  3.9445    0.641
  3.9450    0.641
  3.9455    0.642
  3.9460    0.642
  3.9465    0.642
  3.9470    0.642
  3.9475    0.642
  3.9480    0.642
  3.9485    0.642
  3.9490    0.642
  3.9495    0.642
  3.9500    0.642
  3.9505    0.642
  3.9510    0.641
  3.9515    0.641
  3.9520    0.640
  3.9525    0.639
  3.9530    0.639
  3.9535    0.639
  3.9540    0.639
  3.9545    0.639
  3.9550    0.639
  3.9555    0.639
  3.9560    0.639
  3.9565    0.639
  3.9570    0.639
  3.9575    0.638
  3.9580    0.638
  3.9585    0.638
  3.9590    0.638
  3.9595    0.638
  3.9600    0.638
  3.9605    0.638
  3.9610    0.638
  3.9615    0.639
  3.9620    0.639
  3.9625    0.639
  3.9630    0.639
  3.9635    0.639
  3.9640    0.638
  3.9645    0.638
  3.9650    0.638
  3.9655    0.637
  3.9660    0.637
  3.9665    0.637
  3.9670    0.636
  3.9675    0.636
  3.9680    0.635
  3.9685    0.635
  3.9690    0.635
  3.9695    0.634
  3.9700    0.634
  3.9705    0.633
  3.9710    0.632
  3.9715    0.632
  3.9720    0.630
  3.9725    0.629
  3.9730    0.628
  3.9735    0.627
  3.9740    0.626
  3.9745    0.624
  3.9750    0.623
  3.9755    0.623
  3.9760    0.622
  3.9765    0.622
  3.9770    0.622
  3.9775    0.622
  3.9780    0.621
  3.9785    0.621
  3.9790    0.620
  3.9795    0.620
  3.9800    0.619
  3.9805    0.619
  3.9810    0.618
  3.9815    0.618
  3.9820    0.618
  3.9825    0.618
  3.9830    0.619
  3.9835    0.619
  3.9840    0.619
  3.9845    0.619
  3.9850    0.619
  3.9855    0.619
  3.9860    0.618
  3.9865    0.618
  3.9870    0.618
  3.9875    0.618
  3.9880    0.618
  3.9885    0.617
  3.9890    0.617
  3.9895    0.617
  3.9900    0.617
  3.9905    0.616
  3.9910    0.615
  3.9915    0.614
  3.9920    0.613
  3.9925    0.613
  3.9930    0.612
  3.9935    0.611
  3.9940    0.610
  3.9945    0.609
  3.9950    0.609
  3.9955    0.608
  3.9960    0.608
  3.9965    0.607
  3.9970    0.607
  3.9975    0.606
  3.9980    0.606
  3.9985    0.605
  3.9990    0.605
  3.9995    0.604
  4.0000    0.604
  4.0005    0.603
  4.0010    0.603
  4.0015    0.603
  4.0020    0.602
  4.0025    0.602
  4.0030    0.601
  4.0035    0.600
  4.0040    0.600
  4.0045    0.599
  4.0050    0.598
  4.0055    0.597
  4.0060    0.596
  4.0065    0.595
  4.0070    0.594
  4.0075    0.592
  4.0080    0.591
  4.0085    0.590
  4.0090    0.590
  4.0095    0.589
  4.0100    0.589
  4.0105    0.589
  4.0110    0.589
  4.0115    0.590
  4.0120    0.590
  4.0125    0.590
  4.0130    0.589
  4.0135    0.589
  4.0140    0.588
  4.0145    0.588
  4.0150    0.587
  4.0155    0.587
  4.0160    0.586
  4.0165    0.585
  4.0170    0.585
  4.0175    0.584
  4.0180    0.583
  4.0185    0.583
  4.0190    0.582
  4.0195    0.581
  4.0200    0.581
  4.0205    0.580
  4.0210    0.579
  4.0215    0.578
  4.0220    0.577
  4.0225    0.576
  4.0230    0.576
  4.0235    0.575
  4.0240    0.574
  4.0245    0.574
  4.0250    0.573
  4.0255    0.573
  4.0260    0.572
  4.0265    0.572
  4.0270    0.571
  4.0275    0.570
  4.0280    0.569
  4.0285    0.568
  4.0290    0.567
  4.0295    0.567
  4.0300    0.566
  4.0305    0.565
  4.0310    0.564
  4.0315    0.564
  4.0320    0.563
  4.0325    0.562
  4.0330    0.560
  4.0335    0.558
  4.0340    0.557
  4.0345    0.555
  4.0350    0.553
  4.0355    0.552
  4.0360    0.552
  4.0365    0.551
  4.0370    0.551
  4.0375    0.551
  4.0380    0.551
  4.0385    0.551
  4.0390    0.550
  4.0395    0.549
  4.0400    0.548
  4.0405    0.546
  4.0410    0.545
  4.0415    0.543
  4.0420    0.542
  4.0425    0.541
  4.0430    0.541
  4.0435    0.540
  4.0440    0.540
  4.0445    0.540
  4.0450    0.541
  4.0455    0.541
  4.0460    0.541
  4.0465    0.541
  4.0470    0.540
  4.0475    0.540
  4.0480    0.539
  4.0485    0.538
  4.0490    0.538
  4.0495    0.537
  4.0500    0.537
  4.0505    0.536
  4.0510    0.536
  4.0515    0.536
  4.0520    0.536
  4.0525    0.535
  4.0530    0.535
  4.0535    0.535
  4.0540    0.534
  4.0545    0.533
  4.0550    0.533
  4.0555    0.532
  4.0560    0.532
  4.0565    0.531
  4.0570    0.531
  4.0575    0.530
  4.0580    0.530
  4.0585    0.530
  4.0590    0.530
  4.0595    0.529
  4.0600    0.529
  4.0605    0.529
  4.0610    0.528
  4.0615    0.527
  4.0620    0.526
  4.0625    0.525
  4.0630    0.524
  4.0635    0.522
  4.0640    0.521
  4.0645    0.519
  4.0650    0.518
  4.0655    0.516
  4.0660    0.515
  4.0665    0.514
  4.0670    0.512
  4.0675    0.511
  4.0680    0.510
  4.0685    0.509
  4.0690    0.508
  4.0695    0.507
  4.0700    0.505
  4.0705    0.504
  4.0710    0.502
  4.0715    0.501
  4.0720    0.499
  4.0725    0.497
  4.0730    0.495
  4.0735    0.494
  4.0740    0.492
  4.0745    0.490
  4.0750    0.488
  4.0755    0.487
  4.0760    0.486
  4.0765    0.484
  4.0770    0.483
  4.0775    0.482
  4.0780    0.481
  4.0785    0.480
  4.0790    0.479
  4.0795    0.478
  4.0800    0.477
  4.0805    0.475
  4.0810    0.474
  4.0815    0.472
  4.0820    0.470
  4.0825    0.469
  4.0830    0.467
  4.0835    0.465
  4.0840    0.463
  4.0845    0.461
  4.0850    0.459
  4.0855    0.457
  4.0860    0.455
  4.0865    0.454
  4.0870    0.452
  4.0875    0.451
  4.0880    0.449
  4.0885    0.448
  4.0890    0.447
  4.0895    0.445
  4.0900    0.443
  4.0905    0.442
  4.0910    0.440
  4.0915    0.439
  4.0920    0.437
  4.0925    0.435
  4.0930    0.433
  4.0935    0.432
  4.0940    0.430
  4.0945    0.428
  4.0950    0.426
  4.0955    0.423
  4.0960    0.421
  4.0965    0.419
  4.0970    0.417
  4.0975    0.415
  4.0980    0.413
  4.0985    0.411
  4.0990    0.409
  4.0995    0.407
  4.1000    0.405
  4.1005    0.403
  4.1010    0.401
  4.1015    0.399
  4.1020    0.397
  4.1025    0.395
  4.1030    0.393
  4.1035    0.390
  4.1040    0.388
  4.1045    0.386
  4.1050    0.384
  4.1055    0.381
  4.1060    0.379
  4.1065    0.377
  4.1070    0.374
  4.1075    0.372
  4.1080    0.369
  4.1085    0.367
  4.1090    0.364
  4.1095    0.362
  4.1100    0.359
  4.1105    0.356
  4.1110    0.352
  4.1115    0.349
  4.1120    0.345
  4.1125    0.342
  4.1130    0.339
  4.1135    0.335
  4.1140    0.332
  4.1145    0.329
  4.1150    0.326
  4.1155    0.322
  4.1160    0.319
  4.1165    0.315
  4.1170    0.312
  4.1175    0.309
  4.1180    0.305
  4.1185    0.302
  4.1190    0.299
  4.1195    0.296
  4.1200    0.292
  4.1205    0.289
  4.1210    0.286
  4.1215    0.283
  4.1220    0.280
  4.1225    0.276
  4.1230    0.273
  4.1235    0.270
  4.1240    0.267
  4.1245    0.264
  4.1250    0.261
  4.1255    0.258
  4.1260    0.254
  4.1265    0.251
  4.1270    0.248
  4.1275    0.245
  4.1280    0.242
  4.1285    0.239
  4.1290    0.236
  4.1295    0.233
  4.1300    0.230
  4.1305    0.228
  4.1310    0.225
  4.1315    0.223
  4.1320    0.220
  4.1325    0.218
  4.1330    0.215
  4.1335    0.213
  4.1340    0.210
  4.1345    0.208
  4.1350    0.205
  4.1355    0.203
  4.1360    0.200
  4.1365    0.198
  4.1370    0.195
  4.1375    0.192
  4.1380    0.190
  4.1385    0.187
  4.1390    0.185
  4.1395    0.182
  4.1400    0.180
  4.1405    0.177
  4.1410    0.174
  4.1415    0.171
  4.1420    0.168
  4.1425    0.165
  4.1430    0.162
  4.1435    0.160
  4.1440    0.157
  4.1445    0.154
  4.1450    0.151
  4.1455    0.148
  4.1460    0.145
  4.1465    0.143
  4.1470    0.140
  4.1475    0.137
  4.1480    0.134
  4.1485    0.132
  4.1490    0.129
  4.1495    0.126
  4.1500    0.124
  4.1505    0.121
  4.1510    0.118
  4.1515    0.116
  4.1520    0.113
  4.1525    0.110
  4.1530    0.108
  4.1535    0.105
  4.1540    0.103
  4.1545    0.100
  4.1550    0.098
  4.1555    0.095
  4.1560    0.093
  4.1565    0.090
  4.1570    0.088
  4.1575    0.085
  4.1580    0.083
  4.1585    0.081
  4.1590    0.078
  4.1595    0.076
  4.1600    0.074
  4.1605    0.072
  4.1610    0.070
  4.1615    0.068
  4.1620    0.066
  4.1625    0.064
  4.1630    0.062
  4.1635    0.060
  4.1640    0.059
  4.1645    0.057
  4.1650    0.055
  4.1655    0.053
  4.1660    0.052
  4.1665    0.050
  4.1670    0.048
  4.1675    0.047
  4.1680    0.045
  4.1685    0.044
  4.1690    0.042
  4.1695    0.040
  4.1700    0.039
  4.1705    0.037
  4.1710    0.036
  4.1715    0.034
  4.1720    0.033
  4.1725    0.032
  4.1730    0.030
  4.1735    0.029
  4.1740    0.028
  4.1745    0.026
  4.1750    0.025
  4.1755    0.024
  4.1760    0.023
  4.1765    0.021
  4.1770    0.020
  4.1775    0.019
  4.1780    0.018
  4.1785    0.017
  4.1790    0.016
  4.1795    0.015
  4.1800    0.014
  4.1805    0.013
  4.1810    0.012
  4.1815    0.011
  4.1820    0.010
  4.1825    0.009
  4.1830    0.008
  4.1835    0.008
  4.1840    0.007
  4.1845    0.006
  4.1850    0.005
  4.1855    0.005
  4.1860    0.004
  4.1865    0.004
  4.1870    0.003
  4.1875    0.003
  4.1880    0.002
  4.1885    0.002
  4.1890    0.002
  4.1895    0.001
  4.1900    0.001
  4.1905    0.001
  4.1910    0.001
  4.1915    0.000
  4.1920    0.000
  4.1925    0.000
  4.1930    0.000
  4.1935    0.000
  4.1940    0.000
  4.1945    0.000
  4.1950    0.000
