4.45020  2.21600e-05
4.45160  5.85200e-05
4.45300  2.72800e-05
4.45440 -0.000281250
4.45580 -0.000295410
4.45720 -0.000127900
4.45860  8.00800e-05
4.46000  0.000323650
4.46140  0.000484350
4.46280  0.000406220
4.46410  0.000372610
4.46550  0.000316590
4.46690  0.000238500
4.46830  0.000267960
4.46970  6.15600e-05
4.47110 -0.000217000
4.47250  0.000169240
4.47390  0.000405240
4.47530  0.000634240
4.47670  0.000915680
4.47810  0.000831730
4.47960  0.000660500
4.48100  0.000372010
4.48240  0.000124900
4.48380  0.000351730
4.48520   0.00100381
4.48660   0.00177420
4.48800   0.00214944
4.48940   0.00232942
4.49080   0.00249277
4.49220   0.00254236
4.49360   0.00277730
4.49510   0.00330881
4.49650   0.00327872
4.49790   0.00311056
4.49930   0.00301651
4.50070   0.00345932
4.50210   0.00317167
4.50360   0.00249223
4.50500   0.00164470
4.50640   0.00165984
4.50780   0.00221483
4.50930   0.00320252
4.51070   0.00419037
4.51210   0.00482804
4.51350   0.00528322
4.51500   0.00662528
4.51640   0.00632138
4.51780   0.00578085
4.51920   0.00558488
4.52070   0.00581350
4.52210   0.00681752
4.52350   0.00869976
4.52500    0.0102282
4.52640    0.0105248
4.52780    0.0102504
4.52930    0.0113390
4.53070    0.0131715
4.53210    0.0151992
4.53360    0.0169792
4.53500    0.0208035
4.53650    0.0245259
4.53790    0.0280450
4.53930    0.0323806
4.54080    0.0391311
4.54220    0.0462324
4.54370    0.0536063
4.54510    0.0581151
4.54660    0.0637156
4.54800    0.0719272
4.54950    0.0816858
4.55090    0.0922864
4.55240     0.104264
4.55380     0.119239
4.55530     0.137133
4.55670     0.156410
4.55820     0.177205
4.55960     0.202688
4.56110     0.232795
4.56250     0.261893
4.56400     0.284428
4.56550     0.300395
4.56690     0.322768
4.56840     0.352047
4.56980     0.379456
4.57130     0.404805
4.57280     0.433486
4.57420     0.476335
4.57570     0.518314
4.57720     0.549411
4.57860     0.566077
4.58010     0.582962
4.58160     0.608305
4.58300     0.643752
4.58450     0.663563
4.58600     0.671628
4.58750     0.676226
4.58890     0.700402
4.59040     0.725091
4.59190     0.736510
4.59340     0.726133
4.59480     0.717380
4.59630     0.721464
4.59780     0.739750
4.59930     0.743970
4.60080     0.735733
4.60220     0.726158
4.60370     0.743643
4.60520     0.762530
4.60670     0.770759
4.60820     0.757757
4.60970     0.745782
4.61120     0.752374
4.61260     0.771637
4.61410     0.774623
4.61560     0.764485
4.61710     0.753521
4.61860     0.770097
4.62010     0.788443
4.62160     0.790801
4.62310     0.764764
4.62460     0.742430
4.62610     0.751242
4.62760     0.784901
4.62910     0.816382
4.63060     0.815791
4.63210     0.800166
4.63360     0.782580
4.63510     0.791736
4.63660     0.804079
4.63810     0.809577
4.63960     0.798484
4.64110     0.794804
4.64260     0.801845
4.64410     0.810416
4.64570     0.808265
4.64720     0.804713
4.64870     0.799636
4.65020     0.812892
4.65170     0.831427
4.65320     0.840990
4.65470     0.827563
4.65630     0.811828
4.65780     0.797629
4.65930     0.797578
4.66080     0.802473
4.66230     0.812436
4.66390     0.828528
4.66540     0.839134
4.66690     0.841499
4.66840     0.839661
4.67000     0.831118
4.67150     0.816071
4.67300     0.790885
4.67450     0.774278
4.67610     0.769272
4.67760     0.763389
4.67910     0.742142
4.68070     0.724980
4.68220     0.728388
4.68370     0.761652
4.68530     0.793792
4.68680     0.799070
4.68840     0.787844
4.68990     0.764213
4.69140     0.751473
4.69300     0.742351
4.69450     0.735469
4.69610     0.710159
4.69760     0.683379
4.69910     0.662423
4.70070     0.666883
4.70220     0.668604
4.70380     0.664457
4.70530     0.633631
4.70690     0.607870
4.70840     0.592933
4.71000     0.608105
4.71160     0.623300
4.71310     0.627101
4.71470     0.615185
4.71620     0.604505
4.71780     0.608509
4.71930     0.624084
4.72090     0.653524
4.72250     0.666326
4.72400     0.665220
4.72560     0.633249
4.72710     0.628000
4.72870     0.654586
4.73030     0.717076
4.73180     0.754020
4.73340     0.770012
4.73500     0.759964
4.73660     0.750271
4.73810     0.738584
4.73970     0.720539
4.74130     0.703317
4.74280     0.688287
4.74440     0.671803
4.74600     0.656178
4.74760     0.673016
4.74910     0.697328
4.75070     0.726982
4.75230     0.721519
4.75390     0.708301
4.75550     0.697586
4.75710     0.704383
4.75860     0.705504
4.76020     0.697183
4.76180     0.677358
4.76340     0.670905
4.76500     0.671881
4.76660     0.680270
4.76820     0.678307
4.76980     0.670416
4.77140     0.658100
4.77300     0.636328
4.77460     0.615848
4.77610     0.605080
4.77770     0.608144
4.77930     0.612039
4.78090     0.592585
4.78250     0.548043
4.78410     0.508430
4.78570     0.510834
4.78740     0.533923
4.78900     0.541166
4.79060     0.519223
4.79220     0.497763
4.79380     0.487891
4.79540     0.485851
4.79700     0.481459
4.79860     0.467967
4.80020     0.442605
4.80180     0.412893
4.80350     0.385512
4.80510     0.371648
4.80670     0.350422
4.80830     0.311356
4.80990     0.243464
4.81150     0.170828
4.81320     0.137183
4.81480     0.142195
4.81640     0.187404
4.81800     0.204868
4.81970     0.203951
4.82130     0.184099
4.82290     0.174018
4.82450     0.164251
4.82620     0.152279
4.82780     0.140707
4.82940     0.131780
4.83110     0.122379
4.83270     0.110022
4.83430    0.0996597
4.83600    0.0918919
4.83760    0.0798967
4.83930    0.0637667
4.84090    0.0529149
4.84250    0.0448017
4.84420    0.0453464
4.84580    0.0469739
4.84750    0.0473906
4.84910    0.0409169
4.85080    0.0318350
4.85240    0.0294686
4.85410    0.0278768
4.85570    0.0273076
4.85740    0.0243258
4.85900    0.0237795
4.86070    0.0237416
4.86230    0.0240749
4.86400    0.0233334
4.86560    0.0220068
4.86730    0.0210504
4.86900    0.0184401
4.87060    0.0173512
4.87230    0.0162103
4.87390    0.0153380
4.87560    0.0133145
4.87730    0.0122117
4.87890    0.0119861
4.88060   0.00927251
4.88230   0.00832235
4.88390   0.00842775
4.88560   0.00802833
4.88730   0.00767119
4.88900   0.00700883
4.89060   0.00599294
4.89230   0.00479195
4.89400   0.00464421
4.89570   0.00522775
4.89730   0.00443706
4.89900   0.00438449
4.90070   0.00483288
4.90240   0.00285508
4.90410   0.00263430
4.90570   0.00234228
4.90740  0.000647490
4.90910  0.000711870
4.91080   0.00171630
4.91250   0.00353796
4.91420   0.00379818
4.91590   0.00356008
4.91760   0.00343728
4.91930   0.00512708
4.92100   0.00553029
4.92270   0.00550158
4.92440   0.00559566
4.92600   0.00426007
4.92770   0.00215172
4.92950 -0.000487980
4.93120  0.000795870
4.93290  -0.00135419
4.93460  -0.00514969
4.93630  -0.00671605
4.93800  -0.00449106
4.93970  -0.00145085
4.94140 -0.000794510
4.94310  0.000598300
4.94480   0.00148242
4.94650   0.00170427
4.94820   0.00432502
4.95000   0.00636764
4.95170   0.00690491
4.95340   0.00405739
4.95510   0.00218950
4.95680   0.00159229
4.95850   0.00250922
4.96030   0.00108776
4.96200  -0.00101800
4.96370  -0.00261999
4.96540  0.000103580
4.96720  0.000446940
4.96890 -0.000776870
4.97060  -0.00154014
4.97240  -0.00334852
4.97410  -0.00403585
4.97580  -0.00196790
4.97760   0.00126356
4.97930   0.00325615
4.98100   0.00400201
4.98280   0.00461685
4.98450   0.00337244
4.98620  0.000831020
4.98800  -0.00121753
4.98970  -0.00104737
4.99150  0.000371790
4.99320   0.00282368
4.99500  0.000614230
4.99670  0.000454990
4.99850   0.00308767
5.00020  0.000883630
5.00200 -0.000916150
5.00370  -0.00193471
5.00550 -0.000520270
5.00720 -0.000279900
5.00900  0.000553610
5.01070   0.00306322
5.01250   0.00390849
5.01420   0.00234788
5.01600 -0.000275380
5.01780  1.85500e-05
5.01950 -0.000334730
5.02130  -0.00150044
5.02310 -0.000322350
5.02480   0.00118716
5.02660   0.00250355
5.02840   0.00315874
5.03010   0.00124798
5.03190 -0.000249150
5.03370  -0.00147063
5.03550  -0.00136509
5.03720 -0.000282570
5.03900   0.00159165
5.04080   0.00452556
5.04260   0.00476752
5.04440   0.00421620
5.04610   0.00340886
5.04790   0.00111645
