#
# Generated by M. Cushing, Mon May 18 15:56:03 2009
#
# The filter profile are from Tokunaga et al. (2002, PASP, 114, 180)
# and are at 65 K. The atmospheric transmission was computed using
# ATRAN at an airmass of 1.3, with a precipitable water vapor of 1 mm,
# and is meant to match the WFCAM filter system response functions
# given in Hewett et al. (2006, MNRAS, 367, 454).  The transmission
# spectrum was smoothed to R=2000 and resampled to 2 pixels per
# resolution element.  The filter transmission function was then
# resampled onto this wavelength scale.
#
#====================================
#Wavelength (microns)  Transmission
#====================================
            3.2847760         0.002
            3.2855972         0.001
            3.2864186         0.001
            3.2872402         0.003
            3.2880620         0.005
            3.2888840         0.006
            3.2897063         0.004
            3.2905287         0.003
            3.2913513         0.003
            3.2921742         0.003
            3.2929972         0.003
            3.2938205         0.004
            3.2946439         0.003
            3.2954676         0.002
            3.2962914         0.002
            3.2971155         0.003
            3.2979398         0.003
            3.2987643         0.003
            3.2995890         0.003
            3.3004139         0.003
            3.3012390         0.003
            3.3020643         0.004
            3.3028898         0.005
            3.3037155         0.007
            3.3045414         0.004
            3.3053676         0.005
            3.3061939         0.009
            3.3070205         0.010
            3.3078472         0.008
            3.3086742         0.005
            3.3095014         0.005
            3.3103287         0.006
            3.3111563         0.007
            3.3119841         0.004
            3.3128121         0.001
            3.3136403         0.000
            3.3144687         0.000
            3.3152973         0.000
            3.3161261         0.001
            3.3169552         0.001
            3.3177844         0.001
            3.3186139         0.002
            3.3194435         0.002
            3.3202734         0.004
            3.3211034         0.005
            3.3219337         0.005
            3.3227642         0.006
            3.3235949         0.008
            3.3244258         0.008
            3.3252569         0.010
            3.3260882         0.012
            3.3269197         0.011
            3.3277515         0.008
            3.3285834         0.007
            3.3294156         0.007
            3.3302479         0.009
            3.3310805         0.010
            3.3319132         0.012
            3.3327462         0.011
            3.3335794         0.011
            3.3344128         0.012
            3.3352464         0.014
            3.3360802         0.015
            3.3369142         0.015
            3.3377485         0.015
            3.3385829         0.015
            3.3394175         0.014
            3.3402524         0.013
            3.3410875         0.015
            3.3419227         0.015
            3.3427582         0.016
            3.3435939         0.018
            3.3444298         0.016
            3.3452659         0.012
            3.3461022         0.011
            3.3469388         0.015
            3.3477755         0.019
            3.3486124         0.022
            3.3494496         0.022
            3.3502869         0.020
            3.3511245         0.020
            3.3519623         0.023
            3.3528003         0.025
            3.3536385         0.023
            3.3544769         0.020
            3.3553155         0.018
            3.3561543         0.016
            3.3569934         0.011
            3.3578326         0.013
            3.3586721         0.019
            3.3595118         0.027
            3.3603516         0.027
            3.3611917         0.025
            3.3620320         0.025
            3.3628725         0.023
            3.3637133         0.024
            3.3645542         0.030
            3.3653953         0.031
            3.3662367         0.032
            3.3670782         0.034
            3.3679200         0.023
            3.3687620         0.016
            3.3696042         0.025
            3.3704466         0.034
            3.3712892         0.032
            3.3721320         0.032
            3.3729750         0.038
            3.3738183         0.044
            3.3746617         0.046
            3.3755054         0.043
            3.3763493         0.040
            3.3771934         0.043
            3.3780377         0.046
            3.3788822         0.041
            3.3797269         0.028
            3.3805718         0.025
            3.3814170         0.039
            3.3822623         0.046
            3.3831079         0.049
            3.3839537         0.052
            3.3847997         0.055
            3.3856459         0.055
            3.3864923         0.061
            3.3873389         0.069
            3.3881857         0.076
            3.3890328         0.082
            3.3898800         0.081
            3.3907275         0.067
            3.3915752         0.042
            3.3924231         0.041
            3.3932712         0.070
            3.3941195         0.088
            3.3949680         0.097
            3.3958168         0.106
            3.3966657         0.110
            3.3975149         0.112
            3.3983643         0.119
            3.3992139         0.127
            3.4000637         0.136
            3.4009137         0.145
            3.4017639         0.147
            3.4026143         0.125
            3.4034650         0.085
            3.4043159         0.075
            3.4051669         0.119
            3.4060182         0.155
            3.4068697         0.169
            3.4077215         0.186
            3.4085734         0.190
            3.4094255         0.204
            3.4102779         0.222
            3.4111305         0.237
            3.4119832         0.254
            3.4128362         0.267
            3.4136894         0.279
            3.4145429         0.261
            3.4153965         0.194
            3.4162504         0.154
            3.4171044         0.225
            3.4179587         0.332
            3.4188132         0.377
            3.4196679         0.393
            3.4205228         0.408
            3.4213779         0.426
            3.4222333         0.440
            3.4230888         0.452
            3.4239446         0.465
            3.4248006         0.470
            3.4256568         0.457
            3.4265132         0.438
            3.4273698         0.376
            3.4282267         0.310
            3.4290837         0.364
            3.4299410         0.516
            3.4307985         0.608
            3.4316562         0.640
            3.4325141         0.658
            3.4333722         0.673
            3.4342306         0.686
            3.4350891         0.689
            3.4359479         0.692
            3.4368069         0.710
            3.4376661         0.727
            3.4385255         0.716
            3.4393851         0.643
            3.4402450         0.562
            3.4411050         0.575
            3.4419653         0.679
            3.4428258         0.773
            3.4436865         0.811
            3.4445474         0.824
            3.4454086         0.803
            3.4462699         0.783
            3.4471315         0.801
            3.4479933         0.795
            3.4488553         0.802
            3.4497175         0.831
            3.4505799         0.832
            3.4514426         0.783
            3.4523054         0.734
            3.4531685         0.699
            3.4540318         0.697
            3.4548953         0.761
            3.4557590         0.817
            3.4566230         0.860
            3.4574871         0.881
            3.4583515         0.888
            3.4592161         0.889
            3.4600809         0.883
            3.4609459         0.876
            3.4618111         0.862
            3.4626766         0.857
            3.4635423         0.840
            3.4644082         0.795
            3.4652743         0.744
            3.4661406         0.733
            3.4670071         0.780
            3.4678739         0.834
            3.4687408         0.866
            3.4696080         0.887
            3.4704754         0.891
            3.4713430         0.880
            3.4722109         0.866
            3.4730789         0.852
            3.4739472         0.835
            3.4748157         0.840
            3.4756844         0.847
            3.4765533         0.838
            3.4774224         0.821
            3.4782918         0.814
            3.4791614         0.828
            3.4800312         0.849
            3.4809012         0.865
            3.4817714         0.876
            3.4826418         0.876
            3.4835125         0.880
            3.4843834         0.885
            3.4852545         0.871
            3.4861258         0.855
            3.4869973         0.852
            3.4878691         0.838
            3.4887410         0.824
            3.4896132         0.826
            3.4904856         0.841
            3.4913582         0.864
            3.4922311         0.872
            3.4931041         0.864
            3.4939774         0.866
            3.4948509         0.883
            3.4957246         0.899
            3.4965986         0.894
            3.4974727         0.884
            3.4983471         0.867
            3.4992217         0.859
            3.5000965         0.864
            3.5009715         0.874
            3.5018467         0.875
            3.5027222         0.857
            3.5035979         0.836
            3.5044738         0.851
            3.5053499         0.878
            3.5062262         0.886
            3.5071028         0.883
            3.5079796         0.878
            3.5088566         0.874
            3.5097338         0.867
            3.5106112         0.859
            3.5114889         0.842
            3.5123667         0.853
            3.5132448         0.868
            3.5141231         0.868
            3.5150017         0.868
            3.5158804         0.869
            3.5167594         0.869
            3.5176386         0.870
            3.5185180         0.865
            3.5193976         0.862
            3.5202775         0.860
            3.5211575         0.859
            3.5220378         0.860
            3.5229183         0.858
            3.5237991         0.861
            3.5246800         0.859
            3.5255612         0.851
            3.5264426         0.837
            3.5273242         0.822
            3.5282060         0.826
            3.5290881         0.839
            3.5299703         0.847
            3.5308528         0.832
            3.5317355         0.823
            3.5326185         0.818
            3.5335016         0.810
            3.5343850         0.803
            3.5352686         0.753
            3.5361524         0.745
            3.5370365         0.801
            3.5379207         0.814
            3.5388052         0.770
            3.5396899         0.754
            3.5405748         0.762
            3.5414600         0.767
            3.5423453         0.770
            3.5432309         0.777
            3.5441167         0.797
            3.5450028         0.796
            3.5458890         0.794
            3.5467755         0.798
            3.5476622         0.789
            3.5485491         0.805
            3.5494362         0.820
            3.5503236         0.823
            3.5512112         0.828
            3.5520990         0.823
            3.5529870         0.810
            3.5538752         0.792
            3.5547637         0.792
            3.5556524         0.810
            3.5565413         0.827
            3.5574304         0.833
            3.5583198         0.831
            3.5592094         0.821
            3.5600992         0.811
            3.5609892         0.829
            3.5618795         0.845
            3.5627699         0.846
            3.5636606         0.832
            3.5645515         0.808
            3.5654427         0.801
            3.5663340         0.794
            3.5672256         0.788
            3.5681174         0.804
            3.5690095         0.811
            3.5699017         0.813
            3.5707942         0.819
            3.5716869         0.803
            3.5725798         0.794
            3.5734729         0.779
            3.5743663         0.771
            3.5752599         0.789
            3.5761537         0.810
            3.5770478         0.828
            3.5779420         0.835
            3.5788365         0.838
            3.5797312         0.834
            3.5806261         0.814
            3.5815213         0.796
            3.5824167         0.821
            3.5833123         0.844
            3.5842081         0.833
            3.5851042         0.812
            3.5860004         0.804
            3.5868969         0.809
            3.5877937         0.820
            3.5886906         0.844
            3.5895878         0.849
            3.5904852         0.844
            3.5913828         0.839
            3.5922807         0.833
            3.5931787         0.836
            3.5940770         0.854
            3.5949755         0.867
            3.5958743         0.864
            3.5967733         0.857
            3.5976724         0.862
            3.5985719         0.871
            3.5994715         0.868
            3.6003714         0.857
            3.6012715         0.862
            3.6021718         0.876
            3.6030723         0.878
            3.6039731         0.868
            3.6048741         0.849
            3.6057753         0.836
            3.6066768         0.807
            3.6075784         0.795
            3.6084803         0.833
            3.6093824         0.866
            3.6102848         0.870
            3.6111874         0.865
            3.6120901         0.859
            3.6129932         0.859
            3.6138964         0.864
            3.6147999         0.881
            3.6157036         0.889
            3.6166075         0.879
            3.6175117         0.875
            3.6184160         0.884
            3.6193207         0.886
            3.6202255         0.887
            3.6211305         0.887
            3.6220358         0.889
            3.6229413         0.893
            3.6238471         0.894
            3.6247530         0.881
            3.6256592         0.851
            3.6265656         0.832
            3.6274723         0.830
            3.6283791         0.862
            3.6292862         0.894
            3.6301936         0.896
            3.6311011         0.883
            3.6320089         0.883
            3.6329169         0.894
            3.6338251         0.891
            3.6347336         0.881
            3.6356423         0.880
            3.6365512         0.888
            3.6374603         0.898
            3.6383697         0.905
            3.6392793         0.901
            3.6401891         0.898
            3.6410991         0.901
            3.6420094         0.904
            3.6429199         0.906
            3.6438306         0.906
            3.6447416         0.891
            3.6456528         0.858
            3.6465642         0.822
            3.6474758         0.816
            3.6483877         0.858
            3.6492998         0.895
            3.6502121         0.897
            3.6511247         0.890
            3.6520375         0.894
            3.6529505         0.899
            3.6538637         0.902
            3.6547772         0.904
            3.6556909         0.907
            3.6566048         0.908
            3.6575189         0.908
            3.6584333         0.909
            3.6593479         0.910
            3.6602628         0.908
            3.6611778         0.903
            3.6620931         0.901
            3.6630086         0.898
            3.6639244         0.899
            3.6648404         0.906
            3.6657566         0.898
            3.6666730         0.853
            3.6675897         0.813
            3.6685066         0.845
            3.6694237         0.889
            3.6703411         0.890
            3.6712587         0.867
            3.6721765         0.852
            3.6730945         0.854
            3.6740128         0.850
            3.6749313         0.843
            3.6758500         0.841
            3.6767690         0.863
            3.6776882         0.881
            3.6786076         0.883
            3.6795273         0.882
            3.6804471         0.882
            3.6813673         0.882
            3.6822876         0.883
            3.6832082         0.882
            3.6841290         0.887
            3.6850500         0.896
            3.6859713         0.887
            3.6868928         0.855
            3.6878145         0.841
            3.6887364         0.862
            3.6896586         0.886
            3.6905810         0.893
            3.6915037         0.889
            3.6924266         0.884
            3.6933497         0.885
            3.6942730         0.888
            3.6951966         0.889
            3.6961204         0.886
            3.6970444         0.882
            3.6979687         0.884
            3.6988931         0.888
            3.6998179         0.889
            3.7007428         0.892
            3.7016680         0.898
            3.7025934         0.898
            3.7035191         0.895
            3.7044450         0.889
            3.7053711         0.884
            3.7062974         0.876
            3.7072240         0.871
            3.7081508         0.871
            3.7090778         0.856
            3.7100051         0.853
            3.7109326         0.868
            3.7118603         0.874
            3.7127883         0.864
            3.7137165         0.854
            3.7146449         0.858
            3.7155736         0.862
            3.7165025         0.865
            3.7174316         0.862
            3.7183610         0.869
            3.7192906         0.875
            3.7202204         0.878
            3.7211504         0.877
            3.7220807         0.870
            3.7230112         0.865
            3.7239420         0.867
            3.7248730         0.869
            3.7258042         0.863
            3.7267356         0.854
            3.7276673         0.851
            3.7285992         0.854
            3.7295314         0.845
            3.7304638         0.837
            3.7313964         0.849
            3.7323292         0.855
            3.7332623         0.844
            3.7341956         0.835
            3.7351292         0.841
            3.7360630         0.846
            3.7369970         0.849
            3.7379312         0.849
            3.7388657         0.849
            3.7398004         0.853
            3.7407354         0.850
            3.7416706         0.844
            3.7426060         0.852
            3.7435416         0.859
            3.7444775         0.861
            3.7454136         0.861
            3.7463500         0.860
            3.7472866         0.860
            3.7482234         0.857
            3.7491605         0.852
            3.7500978         0.841
            3.7510353         0.845
            3.7519730         0.852
            3.7529110         0.855
            3.7538493         0.847
            3.7547877         0.837
            3.7557264         0.850
            3.7566653         0.861
            3.7576045         0.856
            3.7585439         0.847
            3.7594836         0.846
            3.7604234         0.850
            3.7613635         0.858
            3.7623039         0.848
            3.7632444         0.842
            3.7641853         0.845
            3.7651263         0.839
            3.7660676         0.840
            3.7670091         0.857
            3.7679509         0.869
            3.7688928         0.869
            3.7698351         0.859
            3.7707775         0.847
            3.7717202         0.851
            3.7726631         0.862
            3.7736063         0.858
            3.7745497         0.851
            3.7754934         0.864
            3.7764372         0.873
            3.7773813         0.869
            3.7783257         0.865
            3.7792703         0.862
            3.7802151         0.861
            3.7811601         0.855
            3.7821054         0.856
            3.7830509         0.861
            3.7839967         0.859
            3.7849427         0.857
            3.7858889         0.864
            3.7868354         0.869
            3.7877821         0.865
            3.7887291         0.849
            3.7896763         0.833
            3.7906237         0.833
            3.7915713         0.841
            3.7925192         0.852
            3.7934674         0.852
            3.7944157         0.848
            3.7953643         0.855
            3.7963132         0.859
            3.7972622         0.856
            3.7982116         0.852
            3.7991611         0.856
            3.8001109         0.860
            3.8010609         0.862
            3.8020112         0.860
            3.8029617         0.856
            3.8039124         0.852
            3.8048634         0.851
            3.8058146         0.858
            3.8067661         0.863
            3.8077178         0.862
            3.8086697         0.854
            3.8096219         0.853
            3.8105743         0.854
            3.8115269         0.855
            3.8124798         0.846
            3.8134329         0.837
            3.8143863         0.844
            3.8153399         0.860
            3.8162937         0.861
            3.8172478         0.856
            3.8182021         0.856
            3.8191566         0.853
            3.8201114         0.856
            3.8210665         0.863
            3.8220217         0.869
            3.8229772         0.873
            3.8239330         0.872
            3.8248890         0.872
            3.8258452         0.872
            3.8268016         0.871
            3.8277583         0.870
            3.8287153         0.873
            3.8296725         0.873
            3.8306299         0.869
            3.8315875         0.867
            3.8325454         0.862
            3.8335036         0.852
            3.8344620         0.844
            3.8354206         0.846
            3.8363794         0.849
            3.8373385         0.850
            3.8382979         0.847
            3.8392574         0.846
            3.8402172         0.846
            3.8411773         0.849
            3.8421376         0.850
            3.8430981         0.847
            3.8440589         0.845
            3.8450199         0.843
            3.8459812         0.836
            3.8469427         0.827
            3.8479044         0.830
            3.8488664         0.841
            3.8498286         0.845
            3.8507911         0.843
            3.8517537         0.846
            3.8527167         0.848
            3.8536799         0.847
            3.8546433         0.843
            3.8556069         0.836
            3.8565708         0.832
            3.8575350         0.835
            3.8584994         0.833
            3.8594640         0.831
            3.8604289         0.830
            3.8613940         0.828
            3.8623593         0.820
            3.8633249         0.814
            3.8642907         0.812
            3.8652568         0.808
            3.8662231         0.802
            3.8671897         0.794
            3.8681565         0.785
            3.8691235         0.782
            3.8700908         0.784
            3.8710583         0.780
            3.8720261         0.770
            3.8729941         0.762
            3.8739623         0.759
            3.8749308         0.757
            3.8758996         0.753
            3.8768685         0.748
            3.8778378         0.748
            3.8788072         0.751
            3.8797769         0.748
            3.8807469         0.741
            3.8817171         0.739
            3.8826875         0.740
            3.8836582         0.740
            3.8846291         0.739
            3.8856002         0.738
            3.8865716         0.741
            3.8875433         0.747
            3.8885152         0.747
            3.8894873         0.746
            3.8904597         0.750
            3.8914323         0.755
            3.8924051         0.759
            3.8933782         0.764
            3.8943516         0.771
            3.8953252         0.779
            3.8962990         0.790
            3.8972731         0.800
            3.8982474         0.811
            3.8992219         0.820
            3.9001968         0.829
            3.9011718         0.832
            3.9021471         0.829
            3.9031226         0.816
            3.9040984         0.803
            3.9050744         0.799
            3.9060507         0.793
            3.9070272         0.788
            3.9080040         0.786
            3.9089810         0.776
            3.9099582         0.760
            3.9109357         0.755
            3.9119134         0.762
            3.9128914         0.764
            3.9138696         0.765
            3.9148481         0.767
            3.9158268         0.766
            3.9168058         0.762
            3.9177850         0.761
            3.9187644         0.762
            3.9197441         0.762
            3.9207241         0.760
            3.9217042         0.760
            3.9226847         0.761
            3.9236653         0.762
            3.9246463         0.762
            3.9256274         0.761
            3.9266088         0.763
            3.9275905         0.767
            3.9285724         0.765
            3.9295545         0.769
            3.9305369         0.774
            3.9315195         0.773
            3.9325024         0.774
            3.9334855         0.778
            3.9344689         0.783
            3.9354525         0.783
            3.9364364         0.786
            3.9374205         0.787
            3.9384049         0.785
            3.9393895         0.785
            3.9403743         0.784
            3.9413594         0.783
            3.9423447         0.785
            3.9433303         0.790
            3.9443162         0.794
            3.9453022         0.797
            3.9462886         0.793
            3.9472751         0.792
            3.9482620         0.795
            3.9492490         0.798
            3.9502363         0.799
            3.9512239         0.797
            3.9522117         0.794
            3.9531997         0.790
            3.9541880         0.788
            3.9551766         0.794
            3.9561654         0.799
            3.9571544         0.795
            3.9581437         0.789
            3.9591333         0.787
            3.9601230         0.788
            3.9611131         0.790
            3.9621033         0.793
            3.9630939         0.792
            3.9640846         0.792
            3.9650757         0.793
            3.9660669         0.792
            3.9670585         0.786
            3.9680502         0.780
            3.9690422         0.780
            3.9700345         0.782
            3.9710270         0.782
            3.9720198         0.779
            3.9730128         0.774
            3.9740060         0.769
            3.9749995         0.762
            3.9759933         0.760
            3.9769873         0.761
            3.9779815         0.761
            3.9789760         0.756
            3.9799708         0.752
            3.9809657         0.751
            3.9819610         0.754
            3.9829565         0.759
            3.9839522         0.759
            3.9849482         0.755
            3.9859444         0.754
            3.9869409         0.755
            3.9879377         0.748
            3.9889346         0.747
            3.9899319         0.748
            3.9909294         0.746
            3.9919271         0.744
            3.9929251         0.741
            3.9939233         0.739
            3.9949218         0.737
            3.9959205         0.731
            3.9969195         0.730
            3.9979187         0.730
            3.9989182         0.729
            3.9999179         0.728
            4.0009179         0.726
            4.0019181         0.727
            4.0029186         0.726
            4.0039194         0.724
            4.0049203         0.723
            4.0059216         0.721
            4.0069230         0.714
            4.0079248         0.708
            4.0089268         0.705
            4.0099290         0.707
            4.0109315         0.711
            4.0119342         0.711
            4.0129372         0.708
            4.0139404         0.706
            4.0149439         0.705
            4.0159476         0.705
            4.0169516         0.704
            4.0179559         0.704
            4.0189604         0.700
            4.0199651         0.696
            4.0209701         0.695
            4.0219753         0.692
            4.0229808         0.691
            4.0239866         0.691
            4.0249926         0.689
            4.0259988         0.687
            4.0270053         0.688
            4.0280121         0.688
            4.0290191         0.688
            4.0300263         0.685
            4.0310338         0.681
            4.0320416         0.677
            4.0330496         0.676
            4.0340579         0.673
            4.0350664         0.668
            4.0360751         0.663
            4.0370842         0.665
            4.0380934         0.666
            4.0391030         0.665
            4.0401127         0.661
            4.0411228         0.656
            4.0421330         0.652
            4.0431436         0.648
            4.0441544         0.648
            4.0451654         0.652
            4.0461767         0.652
            4.0471882         0.653
            4.0482000         0.654
            4.0492121         0.656
            4.0502244         0.655
            4.0512369         0.653
            4.0522498         0.651
            4.0532628         0.648
            4.0542761         0.647
            4.0552897         0.650
            4.0563035         0.652
            4.0573176         0.653
            4.0583319         0.655
            4.0593465         0.654
            4.0603613         0.653
            4.0613764         0.652
            4.0623918         0.649
            4.0634074         0.646
            4.0644232         0.645
            4.0654393         0.641
            4.0664557         0.637
            4.0674723         0.632
            4.0684892         0.629
            4.0695063         0.625
            4.0705237         0.621
            4.0715413         0.619
            4.0725592         0.617
            4.0735773         0.612
            4.0745957         0.607
            4.0756144         0.602
            4.0766333         0.598
            4.0776524         0.595
            4.0786718         0.590
            4.0796915         0.584
            4.0807114         0.578
            4.0817316         0.577
            4.0827521         0.572
            4.0837727         0.564
            4.0847937         0.561
            4.0858149         0.557
            4.0868363         0.551
            4.0878580         0.543
            4.0888800         0.537
            4.0899022         0.532
            4.0909247         0.528
            4.0919474         0.524
            4.0929704         0.516
            4.0939937         0.506
            4.0950172         0.496
            4.0960409         0.487
            4.0970649         0.482
            4.0980892         0.475
            4.0991137         0.466
            4.1001385         0.456
            4.1011635         0.444
            4.1021888         0.434
            4.1032144         0.426
            4.1042402         0.418
            4.1052662         0.408
            4.1062925         0.396
            4.1073191         0.383
            4.1083460         0.370
            4.1093730         0.357
            4.1104004         0.345
            4.1114280         0.333
            4.1124558         0.323
            4.1134840         0.313
            4.1145123         0.300
            4.1155410         0.287
            4.1165698         0.275
            4.1175990         0.265
            4.1186284         0.256
            4.1196580         0.245
            4.1206879         0.233
            4.1217181         0.221
            4.1227486         0.209
            4.1237792         0.198
            4.1248102         0.187
            4.1258414         0.176
            4.1268728         0.166
            4.1279046         0.156
            4.1289365         0.148
            4.1299688         0.140
            4.1310013         0.131
            4.1320340         0.121
            4.1330670         0.113
            4.1341003         0.107
            4.1351338         0.099
            4.1361676         0.092
            4.1372016         0.086
            4.1382359         0.080
            4.1392705         0.075
            4.1403053         0.071
            4.1413404         0.065
            4.1423757         0.061
            4.1434113         0.057
            4.1444472         0.053
            4.1454833         0.047
            4.1465197         0.042
            4.1475563         0.039
            4.1485932         0.036
            4.1496303         0.034
            4.1506677         0.032
            4.1517054         0.029
            4.1527433         0.026
            4.1537815         0.024
            4.1548200         0.022
            4.1558587         0.020
            4.1568976         0.018
            4.1579369         0.017
            4.1589763         0.015
            4.1600161         0.013
            4.1610561         0.012
            4.1620963         0.011
            4.1631369         0.010
            4.1641777         0.009
            4.1652187         0.008
            4.1662600         0.007
            4.1673016         0.006
            4.1683434         0.006
            4.1693855         0.005
            4.1704278         0.004
            4.1714704         0.004
            4.1725133         0.003
            4.1735564         0.003
            4.1745998         0.002
            4.1756435         0.002
            4.1766874         0.002
            4.1777316         0.002
            4.1787760         0.001
            4.1798207         0.001
            4.1808656         0.001
            4.1819109         0.001
            4.1829563         0.001
            4.1840021         0.000
            4.1850481         0.000
            4.1860943         0.000
            4.1871409         0.000
            4.1881876         0.000
            4.1892347         0.000
            4.1902820         0.000
            4.1913296         0.000
            4.1923774         0.000
            4.1934255         0.000
            4.1944739         0.000
            4.1955225         0.000
            4.1965713         0.000
            4.1976205         0.000
            4.1986699         0.000
            4.1997196         0.000
            4.2007695         0.000
            4.2018197         0.000
            4.2028701         0.000
            4.2039209         0.000
            4.2049718         0.000
            4.2060231         0.000
            4.2070746         0.000
            4.2081264         0.000
            4.2091784         0.000
            4.2102307         0.000
            4.2112832         0.000
            4.2123361         0.000
            4.2133891         0.000
            4.2144425         0.000
            4.2154961         0.000
            4.2165500         0.000
            4.2176041         0.000
            4.2186585         0.000
            4.2197132         0.000
            4.2207681         0.000
            4.2218233         0.000
            4.2228788         0.000
            4.2239345         0.000
            4.2249905         0.000
            4.2260467         0.000
            4.2271032         0.000
            4.2281600         0.000
            4.2292170         0.000
            4.2302743         0.000
            4.2313319         0.000
            4.2323897         0.000
            4.2334478         0.000
            4.2345062         0.000
