
#   lam       brg
#
3701.10  0.51622
3701.96  0.50745
3702.81  0.49295
3703.66  0.47754
3704.51  0.46380
3705.37  0.44328
3706.22  0.43533
3707.07  0.42222
3707.93  0.42581
3708.78  0.43411
3709.64  0.43879
3710.49  0.45323
3711.35  0.47288
3712.20  0.48454
3713.05  0.50514
3713.91  0.51341
3714.77  0.51662
3715.62  0.51609
3716.48  0.49833
3717.33  0.48754
3718.19  0.47006
3719.04  0.45012
3719.90  0.43282
3720.76  0.41955
3721.61  0.41112
3722.47  0.41994
3723.33  0.43857
3724.19  0.45972
3725.04  0.48730
3725.90  0.50713
3726.76  0.52339
3727.62  0.53644
3728.48  0.54439
3729.33  0.53815
3730.19  0.51375
3731.05  0.48930
3731.91  0.45809
3732.77  0.42371
3733.63  0.39507
3734.49  0.36839
3735.35  0.35542
3736.21  0.34661
3737.07  0.34879
3737.93  0.35874
3738.79  0.36767
3739.65  0.38171
3740.51  0.39575
3741.38  0.39845
3742.24  0.40454
3743.10  0.39915
3743.96  0.39130
3744.82  0.37721
3745.69  0.36888
3746.55  0.35773
3747.41  0.35182
3748.27  0.34408
3749.14  0.34781
3750.00  0.35538
3750.86  0.37082
3751.73  0.39236
3752.59  0.41252
3753.46  0.42550
3754.32  0.43985
3755.19  0.44841
3756.05  0.45693
3756.91  0.45808
3757.78  0.44740
3758.65  0.43710
3759.51  0.43411
3760.38  0.42545
3761.24  0.42249
3762.11  0.42521
3762.98  0.42497
3763.84  0.43037
3764.71  0.43288
3765.58  0.42985
3766.44  0.43788
3767.31  0.44852
3768.18  0.44494
3769.05  0.44885
3769.91  0.45872
3770.78  0.46317
3771.65  0.46990
3772.52  0.48553
3773.39  0.49315
3774.26  0.50480
3775.13  0.50420
3775.99  0.51080
3776.86  0.51683
3777.73  0.52496
3778.60  0.52978
3779.47  0.54095
3780.34  0.54414
3781.21  0.55237
3782.09  0.54869
3782.96  0.54340
3783.83  0.54386
3784.70  0.52897
3785.57  0.52337
3786.44  0.50750
3787.31  0.48703
3788.19  0.47697
3789.06  0.46088
3789.93  0.45846
3790.80  0.44778
3791.68  0.43786
3792.55  0.44286
3793.42  0.43196
3794.30  0.42161
3795.17  0.41298
3796.05  0.41001
3796.92  0.40883
3797.79  0.40990
3798.67  0.40718
3799.54  0.41137
3800.42  0.42454
3801.29  0.43843
3802.17  0.44892
3803.04  0.45715
3803.92  0.47028
3804.80  0.47592
3805.67  0.48100
3806.55  0.48515
3807.42  0.49209
3808.30  0.49167
3809.18  0.48778
3810.06  0.49044
3810.93  0.48005
3811.81  0.47572
3812.69  0.47008
3813.57  0.45569
3814.44  0.44268
3815.32  0.43091
3816.20  0.41855
3817.08  0.41148
3817.96  0.40049
3818.84  0.38678
3819.72  0.37892
3820.60  0.37315
3821.48  0.36475
3822.36  0.36259
3823.24  0.35273
3824.12  0.34512
3825.00  0.34701
3825.88  0.33317
3826.76  0.32532
3827.64  0.32487
3828.52  0.31300
3829.41  0.31125
3830.29  0.30432
3831.17  0.29993
3832.05  0.29965
3832.93  0.29155
3833.82  0.29017
3834.70  0.29262
3835.58  0.28966
3836.47  0.29531
3837.35  0.28994
3838.23  0.29897
3839.12  0.30386
3840.00  0.30934
3840.89  0.32161
3841.77  0.34095
3842.65  0.35554
3843.54  0.37041
3844.42  0.38394
3845.31  0.39167
3846.20  0.40025
3847.08  0.40453
3847.97  0.40484
3848.85  0.40722
3849.74  0.41012
3850.63  0.41387
3851.51  0.40991
3852.40  0.40807
3853.29  0.40481
3854.17  0.39932
3855.06  0.40381
3855.95  0.39289
3856.84  0.38481
3857.73  0.38192
3858.61  0.38060
3859.50  0.38014
3860.39  0.37457
3861.28  0.38308
3862.17  0.39455
3863.06  0.40175
3863.95  0.41260
3864.84  0.41442
3865.73  0.41815
3866.62  0.42227
3867.51  0.42236
3868.40  0.42074
3869.29  0.41924
3870.18  0.41144
3871.07  0.40830
3871.96  0.40583
3872.86  0.40506
3873.75  0.40542
3874.64  0.40773
3875.53  0.41004
3876.42  0.41152
3877.32  0.41332
3878.21  0.41039
3879.10  0.40685
3880.00  0.40159
3880.89  0.40369
3881.78  0.40459
3882.68  0.40290
3883.57  0.41214
3884.47  0.41335
3885.36  0.41384
3886.26  0.41485
3887.15  0.42181
3888.05  0.42906
3888.94  0.43850
3889.84  0.44988
3890.73  0.46250
3891.63  0.47241
3892.52  0.48480
3893.42  0.49684
3894.32  0.50896
3895.21  0.51759
3896.11  0.51750
3897.01  0.52290
3897.91  0.53040
3898.80  0.52719
3899.70  0.52703
3900.60  0.52856
3901.50  0.51781
3902.40  0.51849
3903.29  0.52377
3904.19  0.51643
3905.09  0.51879
3905.99  0.51951
3906.89  0.52282
3907.79  0.53834
3908.69  0.54960
3909.59  0.56015
3910.49  0.57036
3911.39  0.57914
3912.29  0.58827
3913.19  0.59151
3914.09  0.58860
3915.00  0.58774
3915.90  0.58069
3916.80  0.56914
3917.70  0.56283
3918.60  0.54987
3919.51  0.53673
3920.41  0.52398
3921.31  0.50660
3922.21  0.49451
3923.12  0.48295
3924.02  0.46716
3924.92  0.45836
3925.83  0.43502
3926.73  0.41766
3927.64  0.39363
3928.54  0.36202
3929.45  0.33192
3930.35  0.30329
3931.26  0.28072
3932.16  0.25539
3933.07  0.23759
3933.97  0.23006
3934.88  0.23825
3935.78  0.24308
3936.69  0.26122
3937.60  0.28680
3938.50  0.30796
3939.41  0.33305
3940.32  0.35969
3941.23  0.37446
3942.13  0.39728
3943.04  0.41479
3943.95  0.42968
3944.86  0.44899
3945.77  0.46741
3946.67  0.48810
3947.58  0.50715
3948.49  0.52370
3949.40  0.53834
3950.31  0.55401
3951.22  0.56711
3952.13  0.57420
3953.04  0.57618
3953.95  0.57735
3954.86  0.57940
3955.77  0.57239
3956.68  0.55647
3957.60  0.54408
3958.51  0.53125
3959.42  0.51341
3960.33  0.48608
3961.24  0.45380
3962.15  0.42555
3963.07  0.39600
3963.98  0.36968
3964.89  0.34290
3965.80  0.32221
3966.72  0.29809
3967.63  0.27992
3968.55  0.27018
3969.46  0.27328
3970.37  0.28585
3971.29  0.30301
3972.20  0.32209
3973.12  0.35611
3974.03  0.39117
3974.95  0.42740
3975.86  0.46430
3976.78  0.50024
3977.69  0.53317
3978.61  0.56167
3979.53  0.59089
3980.44  0.61058
3981.36  0.62792
3982.28  0.64074
3983.19  0.64974
3984.11  0.66143
3985.03  0.66813
3985.95  0.67209
3986.86  0.68225
3987.78  0.68821
3988.70  0.69301
3989.62  0.70123
3990.54  0.70952
3991.46  0.71827
3992.38  0.71617
3993.29  0.72190
3994.21  0.72429
3995.13  0.72561
3996.05  0.73026
3996.97  0.73057
3997.89  0.72938
3998.82  0.73476
3999.74  0.73688
4000.66  0.74508
4001.58  0.75538
4002.50  0.75982
4003.42  0.75827
4004.34  0.75672
4005.27  0.74962
4006.19  0.74995
4007.11  0.75183
4008.03  0.75436
4008.96  0.76258
4009.88  0.76966
4010.80  0.77575
4011.73  0.78238
4012.65  0.79296
4013.57  0.80095
4014.50  0.79917
4015.42  0.79552
4016.35  0.80656
4017.27  0.81412
4018.20  0.81005
4019.12  0.80600
4020.05  0.80177
4020.97  0.79761
4021.90  0.80222
4022.83  0.79946
4023.75  0.80013
4024.68  0.79871
4025.61  0.79140
4026.53  0.78921
4027.46  0.78948
4028.39  0.78335
4029.32  0.77287
4030.24  0.75844
4031.17  0.74828
4032.10  0.73512
4033.03  0.72849
4033.96  0.72862
4034.89  0.73846
4035.82  0.74811
4036.75  0.75979
4037.67  0.77060
4038.60  0.78965
4039.53  0.79600
4040.47  0.79223
4041.40  0.78986
4042.33  0.78213
4043.26  0.76382
4044.19  0.75017
4045.12  0.73614
4046.05  0.72792
4046.98  0.72935
4047.91  0.73131
4048.85  0.74546
4049.78  0.75705
4050.71  0.76354
4051.64  0.77156
4052.58  0.77228
4053.51  0.77030
4054.44  0.77164
4055.38  0.76070
4056.31  0.75424
4057.25  0.74083
4058.18  0.73066
4059.11  0.73038
4060.05  0.73327
4060.98  0.72726
4061.92  0.72075
4062.86  0.71960
4063.79  0.71342
4064.73  0.70901
4065.66  0.71486
4066.60  0.72426
4067.54  0.72843
4068.47  0.73699
4069.41  0.73932
4070.35  0.74218
4071.28  0.75187
4072.22  0.74495
4073.16  0.73685
4074.10  0.73581
4075.04  0.73418
4075.97  0.73413
4076.91  0.73227
4077.85  0.72922
4078.79  0.73545
4079.73  0.74314
4080.67  0.75855
4081.61  0.77454
4082.55  0.78453
4083.49  0.79251
4084.43  0.79830
4085.37  0.80503
4086.31  0.81646
4087.25  0.82616
4088.19  0.83289
4089.13  0.83735
4090.08  0.84298
4091.02  0.83783
4091.96  0.82841
4092.90  0.81588
4093.84  0.79858
4094.79  0.78867
4095.73  0.76877
4096.67  0.74490
4097.62  0.72807
4098.56  0.71720
4099.50  0.70324
4100.45  0.68653
4101.39  0.68637
4102.34  0.68242
4103.28  0.68492
4104.23  0.69489
4105.17  0.70189
4106.12  0.71602
4107.06  0.73319
4108.01  0.73913
4108.95  0.74901
4109.90  0.75369
4110.85  0.75789
4111.79  0.76135
4112.74  0.77180
4113.69  0.77512
4114.64  0.77749
4115.58  0.78327
4116.53  0.78536
4117.48  0.78158
4118.43  0.77810
4119.38  0.77697
4120.32  0.77644
4121.27  0.77429
4122.22  0.77181
4123.17  0.77055
4124.12  0.77977
4125.07  0.77613
4126.02  0.77058
4126.97  0.77181
4127.92  0.76032
4128.87  0.75561
4129.82  0.75366
4130.77  0.74359
4131.72  0.74216
4132.68  0.73688
4133.63  0.73471
4134.58  0.73477
4135.53  0.74081
4136.48  0.74755
4137.44  0.76031
4138.39  0.76411
4139.34  0.75672
4140.30  0.75884
4141.25  0.74960
4142.20  0.73694
4143.16  0.73421
4144.11  0.72561
4145.07  0.71981
4146.02  0.71941
4146.97  0.71968
4147.93  0.72053
4148.88  0.72174
4149.84  0.71895
4150.80  0.71639
4151.75  0.71137
4152.71  0.71410
4153.66  0.71697
4154.62  0.71307
4155.58  0.71824
4156.53  0.71953
4157.49  0.72651
4158.45  0.73702
4159.41  0.74488
4160.36  0.75372
4161.32  0.75962
4162.28  0.76472
4163.24  0.77238
4164.20  0.76682
4165.16  0.76706
4166.12  0.76679
4167.08  0.75922
4168.03  0.74842
4168.99  0.74013
4169.95  0.73363
4170.92  0.72645
4171.88  0.72140
4172.84  0.71445
4173.80  0.71168
4174.76  0.70689
4175.72  0.70668
4176.68  0.70862
4177.64  0.71606
4178.61  0.71655
4179.57  0.71587
4180.53  0.71890
4181.49  0.72998
4182.46  0.73631
4183.42  0.74246
4184.38  0.74885
4185.35  0.75280
4186.31  0.75561
4187.27  0.75620
4188.24  0.75849
4189.20  0.76149
4190.17  0.76257
4191.13  0.76167
4192.10  0.76570
4193.06  0.76429
4194.03  0.75983
4194.99  0.75499
4195.96  0.74304
4196.93  0.73316
4197.89  0.72767
4198.86  0.72389
4199.83  0.72452
4200.79  0.72757
4201.76  0.73541
4202.73  0.73990
4203.70  0.75118
4204.66  0.76620
4205.63  0.77938
4206.60  0.78608
4207.57  0.79638
4208.54  0.80543
4209.51  0.80706
4210.48  0.80210
4211.45  0.80069
4212.42  0.79873
4213.39  0.79493
4214.36  0.79345
4215.33  0.79308
4216.30  0.79666
4217.27  0.80690
4218.24  0.80764
4219.21  0.81447
4220.18  0.81627
4221.16  0.81057
4222.13  0.79893
4223.10  0.78216
4224.07  0.75598
4225.05  0.73306
4226.02  0.71552
4226.99  0.70230
4227.96  0.70040
4228.94  0.71010
4229.91  0.72718
4230.89  0.74989
4231.86  0.76539
4232.84  0.77893
4233.81  0.79210
4234.78  0.79260
4235.76  0.79514
4236.74  0.80122
4237.71  0.80374
4238.69  0.80939
4239.66  0.81711
4240.64  0.82192
4241.62  0.83534
4242.59  0.84508
4243.57  0.85199
4244.55  0.85673
4245.52  0.85339
4246.50  0.85364
4247.48  0.84714
4248.46  0.83456
4249.44  0.81838
4250.42  0.80960
4251.39  0.79954
4252.37  0.79127
4253.35  0.79269
4254.33  0.79534
4255.31  0.79663
4256.29  0.79543
4257.27  0.80051
4258.25  0.80334
4259.23  0.80709
4260.21  0.81189
4261.19  0.81829
4262.18  0.82410
4263.16  0.83079
4264.14  0.84683
4265.12  0.85446
4266.10  0.85102
4267.09  0.84341
4268.07  0.83174
4269.05  0.81120
4270.03  0.79444
4271.02  0.77273
4272.00  0.75196
4272.98  0.74272
4273.97  0.73366
4274.95  0.73936
4275.94  0.75098
4276.92  0.76404
4277.91  0.77966
4278.89  0.79716
4279.88  0.80126
4280.86  0.80666
4281.85  0.81256
4282.84  0.80578
4283.82  0.80316
4284.81  0.79317
4285.79  0.78542
4286.78  0.77560
4287.77  0.76640
4288.76  0.75406
4289.74  0.74472
4290.73  0.73941
4291.72  0.73903
4292.71  0.74041
4293.70  0.73788
4294.69  0.73027
4295.67  0.72455
4296.66  0.71029
4297.65  0.69660
4298.64  0.67302
4299.63  0.64929
4300.62  0.62902
4301.61  0.61975
4302.60  0.61123
4303.59  0.60003
4304.59  0.59504
4305.58  0.59173
4306.57  0.58810
4307.56  0.58642
4308.55  0.59506
4309.54  0.60855
4310.54  0.62797
4311.53  0.65581
4312.52  0.68545
4313.52  0.73088
4314.51  0.77210
4315.50  0.81247
4316.50  0.85629
4317.49  0.88504
4318.48  0.90433
4319.48  0.90789
4320.47  0.90250
4321.47  0.89029
4322.46  0.87547
4323.46  0.85548
4324.45  0.83591
4325.45  0.82143
4326.45  0.82176
4327.44  0.83463
4328.44  0.85212
4329.44  0.87230
4330.43  0.89102
4331.43  0.91122
4332.43  0.92395
4333.43  0.92830
4334.42  0.92004
4335.42  0.91261
4336.42  0.90148
4337.42  0.87978
4338.42  0.85766
4339.42  0.84050
4340.42  0.82663
4341.42  0.82640
4342.42  0.82603
4343.42  0.84106
4344.42  0.85745
4345.42  0.86496
4346.42  0.88909
4347.42  0.90373
4348.42  0.91075
4349.42  0.91609
4350.42  0.91188
4351.42  0.90692
4352.43  0.89935
4353.43  0.88959
4354.43  0.89073
4355.43  0.89901
4356.44  0.91035
4357.44  0.91559
4358.44  0.92613
4359.45  0.93740
4360.45  0.94401
4361.45  0.95265
4362.46  0.96655
4363.46  0.97414
4364.47  0.98024
4365.47  0.97813
4366.48  0.97143
4367.48  0.97139
4368.49  0.95803
4369.50  0.94635
4370.50  0.94054
4371.51  0.92622
4372.52  0.91895
4373.52  0.91115
4374.53  0.89958
4375.54  0.89137
4376.54  0.88869
4377.55  0.88586
4378.56  0.87662
4379.57  0.86997
4380.58  0.86041
4381.59  0.83775
4382.60  0.81954
4383.60  0.80344
4384.61  0.79405
4385.62  0.79763
4386.63  0.80086
4387.64  0.80791
4388.65  0.82911
4389.66  0.83569
4390.68  0.84830
4391.69  0.86440
4392.70  0.87198
4393.71  0.88477
4394.72  0.89914
4395.73  0.90664
4396.75  0.91317
4397.76  0.91754
4398.77  0.92283
4399.78  0.92351
4400.80  0.91350
4401.81  0.90583
4402.82  0.89318
4403.84  0.88194
4404.85  0.87365
4405.87  0.86840
4406.88  0.87589
4407.90  0.88278
4408.91  0.89550
4409.93  0.91434
4410.94  0.93056
4411.96  0.94678
4412.97  0.95673
4413.99  0.95995
4415.01  0.96420
4416.02  0.96192
4417.04  0.96712
4418.06  0.97158
4419.07  0.97325
4420.09  0.98296
4421.11  0.98797
4422.13  0.98722
4423.15  0.98594
4424.17  0.98323
4425.18  0.98305
4426.20  0.98190
4427.22  0.98302
4428.24  0.98171
4429.26  0.97999
4430.28  0.98387
4431.30  0.97651
4432.32  0.97449
4433.34  0.97030
4434.36  0.96836
4435.39  0.96299
4436.41  0.96313
4437.43  0.97653
4438.45  0.98775
4439.47  0.99459
4440.49  0.99819
4441.52  1.00118
4442.54  1.00687
4443.56  1.01403
4444.59  1.02260
4445.61  1.02663
4446.63  1.03173
4447.66  1.04353
4448.68  1.04608
4449.71  1.03894
4450.73  1.03341
4451.76  1.02078
4452.78  1.00616
4453.81  0.99002
4454.83  0.97084
4455.86  0.95521
4456.88  0.94049
4457.91  0.93477
4458.94  0.92546
4459.96  0.92795
4460.99  0.93100
4462.02  0.93043
4463.05  0.94080
4464.07  0.95526
4465.10  0.97216
4466.13  0.97853
4467.16  0.98964
4468.19  0.99832
4469.22  1.00724
4470.25  1.01265
4471.27  1.02764
4472.30  1.04032
4473.33  1.05035
4474.36  1.06493
4475.39  1.07242
4476.43  1.07363
4477.46  1.08124
4478.49  1.08808
4479.52  1.07583
4480.55  1.07187
4481.58  1.06588
4482.61  1.06274
4483.65  1.06708
4484.68  1.06984
4485.71  1.07708
4486.74  1.07977
4487.78  1.07942
4488.81  1.07407
4489.85  1.06475
4490.88  1.05943
4491.91  1.04994
4492.95  1.04330
4493.98  1.03793
4495.02  1.03992
4496.05  1.03675
4497.09  1.04542
4498.12  1.05584
4499.16  1.06519
4500.20  1.08399
4501.23  1.09704
4502.27  1.11088
4503.30  1.12761
4504.34  1.13754
4505.38  1.15286
4506.42  1.15874
4507.45  1.16103
4508.49  1.16153
4509.53  1.15833
4510.57  1.15375
4511.61  1.14464
4512.65  1.13611
4513.69  1.12618
4514.73  1.11811
4515.77  1.11336
4516.81  1.11052
4517.85  1.10588
4518.89  1.10954
4519.93  1.10744
4520.97  1.10542
4522.01  1.09862
4523.05  1.08246
4524.09  1.06827
4525.13  1.05556
4526.18  1.03156
4527.22  1.01825
4528.26  1.00225
4529.30  0.98692
4530.35  0.98152
4531.39  0.98269
4532.43  0.98074
4533.48  0.98734
4534.52  1.00385
4535.56  1.00650
4536.61  1.01805
4537.65  1.03659
4538.70  1.05440
4539.74  1.06704
4540.79  1.06587
4541.83  1.07404
4542.88  1.07589
4543.93  1.07542
4544.97  1.07316
4546.02  1.06419
4547.07  1.06224
4548.11  1.06276
4549.16  1.05258
4550.21  1.05476
4551.26  1.05729
4552.30  1.05981
4553.35  1.07126
4554.40  1.07790
4555.45  1.08844
4556.50  1.10204
4557.55  1.11721
4558.60  1.12497
4559.65  1.13443
4560.70  1.14036
4561.75  1.14020
4562.80  1.14396
4563.85  1.14527
4564.90  1.13564
4565.95  1.13123
4567.00  1.13512
4568.06  1.13598
4569.11  1.13980
4570.16  1.13627
4571.21  1.13926
4572.26  1.13738
4573.32  1.13408
4574.37  1.13455
4575.42  1.13353
4576.48  1.13087
4577.53  1.12305
4578.59  1.11487
4579.64  1.10670
4580.69  1.10214
4581.75  1.09303
4582.80  1.09099
4583.86  1.09103
4584.92  1.09481
4585.97  1.09974
4587.03  1.10297
4588.08  1.11166
4589.14  1.10905
4590.20  1.10751
4591.25  1.11487
4592.31  1.11246
4593.37  1.10685
4594.43  1.10232
4595.48  1.09676
4596.54  1.09915
4597.60  1.09405
4598.66  1.09259
4599.72  1.09456
4600.78  1.09724
4601.84  1.10262
4602.90  1.10704
4603.96  1.11397
4605.02  1.12467
4606.08  1.12738
4607.14  1.14025
4608.20  1.14960
4609.26  1.15918
4610.32  1.17029
4611.38  1.17947
4612.45  1.17914
4613.51  1.18117
4614.57  1.18345
4615.63  1.18571
4616.70  1.19170
4617.76  1.19137
4618.82  1.19008
4619.89  1.19034
4620.95  1.19349
4622.02  1.19163
4623.08  1.18861
4624.14  1.18682
4625.21  1.18417
4626.27  1.18137
4627.34  1.18220
4628.40  1.17922
4629.47  1.17597
4630.54  1.17198
4631.60  1.16993
4632.67  1.16669
4633.74  1.15316
4634.80  1.14474
4635.87  1.14596
4636.94  1.12968
4638.01  1.12258
4639.07  1.11665
4640.14  1.10835
4641.21  1.10247
4642.28  1.10111
4643.35  1.09271
4644.42  1.08622
4645.49  1.08175
4646.56  1.07920
4647.63  1.07383
4648.70  1.07378
4649.77  1.07698
4650.84  1.08526
4651.91  1.09370
4652.98  1.09751
4654.05  1.10599
4655.13  1.11758
4656.20  1.12162
4657.27  1.12757
4658.34  1.13513
4659.41  1.13402
4660.49  1.13872
4661.56  1.13667
4662.63  1.12151
4663.71  1.10968
4664.78  1.09397
4665.86  1.07936
4666.93  1.06587
4668.01  1.05743
4669.08  1.05331
4670.16  1.05073
4671.23  1.05873
4672.31  1.07097
4673.38  1.07976
4674.46  1.08329
4675.54  1.09267
4676.61  1.09469
4677.69  1.09517
4678.77  1.09515
4679.84  1.09548
4680.92  1.09160
4682.00  1.09079
4683.08  1.09212
4684.16  1.09234
4685.23  1.09573
4686.31  1.09960
4687.39  1.10334
4688.47  1.10505
4689.55  1.10857
4690.63  1.11022
4691.71  1.10973
4692.79  1.10923
4693.87  1.10926
4694.95  1.10742
4696.04  1.09915
4697.12  1.09963
4698.20  1.09343
4699.28  1.08403
4700.36  1.07807
4701.44  1.07302
4702.53  1.07171
4703.61  1.06784
4704.69  1.06403
4705.78  1.06872
4706.86  1.07192
4707.94  1.07957
4709.03  1.08027
4710.11  1.08429
4711.20  1.08938
4712.28  1.10232
4713.37  1.11182
4714.45  1.11538
4715.54  1.12649
4716.63  1.13607
4717.71  1.14661
4718.80  1.16245
4719.88  1.17170
4720.97  1.17859
4722.06  1.17736
4723.15  1.18307
4724.23  1.18060
4725.32  1.16647
4726.41  1.15956
4727.50  1.15030
4728.59  1.13771
4729.68  1.12779
4730.76  1.11599
4731.85  1.10991
4732.94  1.11559
4734.03  1.12505
4735.12  1.12686
4736.21  1.13114
4737.31  1.13751
4738.40  1.14766
4739.49  1.15707
4740.58  1.16684
4741.67  1.17528
4742.76  1.18082
4743.85  1.18561
4744.95  1.19406
4746.04  1.20138
4747.13  1.19873
4748.23  1.20187
4749.32  1.20149
4750.41  1.19463
4751.51  1.19634
4752.60  1.19054
4753.70  1.18201
4754.79  1.17640
4755.89  1.17219
4756.98  1.16788
4758.08  1.16228
4759.17  1.16383
4760.27  1.15530
4761.36  1.14635
4762.46  1.13965
4763.56  1.13154
4764.65  1.12262
4765.75  1.12263
4766.85  1.12537
4767.95  1.12426
4769.04  1.12875
4770.14  1.14177
4771.24  1.14939
4772.34  1.15790
4773.44  1.16784
4774.54  1.17531
4775.64  1.17994
4776.74  1.18122
4777.84  1.18038
4778.94  1.18089
4780.04  1.17557
4781.14  1.17192
4782.24  1.16948
4783.34  1.15557
4784.44  1.15773
4785.54  1.15456
4786.65  1.15467
4787.75  1.15282
4788.85  1.15694
4789.95  1.16396
4791.06  1.16800
4792.16  1.17759
4793.26  1.18533
4794.37  1.19753
4795.47  1.20536
4796.58  1.20738
4797.68  1.20978
4798.79  1.21148
4799.89  1.20647
4801.00  1.20512
4802.10  1.20292
4803.21  1.19742
4804.31  1.19899
4805.42  1.19579
4806.53  1.19271
4807.63  1.18962
4808.74  1.18526
4809.85  1.18283
4810.96  1.18372
4812.06  1.18816
4813.17  1.19490
4814.28  1.19851
4815.39  1.20354
4816.50  1.20653
4817.61  1.21115
4818.72  1.21233
4819.83  1.21382
4820.94  1.21108
4822.05  1.20441
4823.16  1.19694
4824.27  1.19199
4825.38  1.19039
4826.49  1.19057
4827.60  1.18217
4828.71  1.17720
4829.82  1.17412
4830.94  1.17264
4832.05  1.17300
4833.16  1.16835
4834.27  1.16542
4835.39  1.16626
4836.50  1.16891
4837.62  1.16916
4838.73  1.16184
4839.84  1.16369
4840.96  1.16195
4842.07  1.15919
4843.19  1.15747
4844.30  1.15583
4845.42  1.16196
4846.53  1.16684
4847.65  1.16268
4848.77  1.15969
4849.88  1.15700
4851.00  1.15062
4852.12  1.13966
4853.24  1.12967
4854.35  1.11522
4855.47  1.09702
4856.59  1.08498
4857.71  1.06857
4858.83  1.05157
4859.94  1.03904
4861.06  1.02619
4862.18  1.02558
4863.30  1.02438
4864.42  1.03034
4865.54  1.03625
4866.66  1.04446
4867.78  1.05158
4868.91  1.05648
4870.03  1.06601
4871.15  1.07148
4872.27  1.07456
4873.39  1.08606
4874.51  1.09409
4875.64  1.10442
4876.76  1.11535
4877.88  1.12431
4879.01  1.13300
4880.13  1.13922
4881.25  1.13797
4882.38  1.14123
4883.50  1.13632
4884.63  1.12790
4885.75  1.12146
4886.88  1.11561
4888.00  1.11622
4889.13  1.11931
4890.25  1.11933
4891.38  1.12327
4892.51  1.13941
4893.63  1.15541
4894.76  1.17923
4895.89  1.19149
4897.01  1.20401
4898.14  1.21150
4899.27  1.21497
4900.40  1.21658
4901.53  1.21419
4902.66  1.21118
4903.78  1.20590
4904.91  1.20521
4906.04  1.20205
4907.17  1.19729
4908.30  1.19193
4909.43  1.19189
4910.56  1.18636
4911.69  1.18136
4912.83  1.17845
4913.96  1.17478
4915.09  1.17140
4916.22  1.16312
4917.35  1.15424
4918.48  1.13926
4919.62  1.12903
4920.75  1.12236
4921.88  1.11740
4923.02  1.12305
4924.15  1.13851
4925.28  1.15492
4926.42  1.16688
4927.55  1.18494
4928.69  1.19918
4929.82  1.20253
4930.96  1.20704
4932.09  1.21110
4933.23  1.20697
4934.37  1.19674
4935.50  1.18822
4936.64  1.18318
4937.78  1.17367
4938.91  1.17252
4940.05  1.17784
4941.19  1.18397
4942.33  1.19445
4943.46  1.20542
4944.60  1.21889
4945.74  1.23040
4946.88  1.24284
4948.02  1.24866
4949.16  1.24824
4950.30  1.24656
4951.44  1.24523
4952.58  1.23844
4953.72  1.22843
4954.86  1.21600
4956.00  1.20227
4957.14  1.18883
4958.28  1.17941
4959.43  1.17968
4960.57  1.17859
4961.71  1.17822
4962.85  1.18032
4964.00  1.18308
4965.14  1.17597
4966.28  1.17196
4967.43  1.17104
4968.57  1.16900
4969.71  1.17246
4970.86  1.17654
4972.00  1.17971
4973.15  1.18505
4974.29  1.18337
4975.44  1.17463
4976.58  1.16620
4977.73  1.16045
4978.88  1.14307
4980.02  1.13148
4981.17  1.11794
4982.32  1.10423
4983.46  1.09537
4984.61  1.09444
4985.76  1.10350
4986.91  1.10842
4988.06  1.11800
4989.21  1.12815
4990.35  1.13533
4991.50  1.14231
4992.65  1.14365
4993.80  1.14740
4994.95  1.15059
4996.10  1.14562
4997.25  1.14125
4998.40  1.13493
4999.55  1.12801
5000.71  1.12253
5001.86  1.11904
5003.01  1.11529
5004.16  1.11353
5005.31  1.11429
5006.47  1.11683
5007.62  1.11510
5008.77  1.11550
5009.93  1.11019
5011.08  1.10131
5012.23  1.09014
5013.39  1.07976
5014.54  1.06954
5015.70  1.06144
5016.85  1.05774
5018.01  1.06057
5019.16  1.06191
5020.32  1.06928
5021.48  1.07690
5022.63  1.08206
5023.79  1.09120
5024.95  1.09673
5026.10  1.10167
5027.26  1.11004
5028.42  1.11709
5029.58  1.12161
5030.73  1.12601
5031.89  1.13243
5033.05  1.13252
5034.21  1.12850
5035.37  1.12296
5036.53  1.11181
5037.69  1.09842
5038.85  1.09019
5040.01  1.08502
5041.17  1.07835
5042.33  1.07927
5043.49  1.08639
5044.65  1.09531
5045.82  1.10947
5046.98  1.12175
5048.14  1.12432
5049.30  1.12615
5050.46  1.12539
5051.63  1.12738
5052.79  1.13388
5053.95  1.14413
5055.12  1.15072
5056.28  1.15943
5057.45  1.16633
5058.61  1.17482
5059.78  1.18057
5060.94  1.17489
5062.11  1.17071
5063.27  1.16261
5064.44  1.15344
5065.61  1.14274
5066.77  1.13583
5067.94  1.12754
5069.11  1.12238
5070.27  1.11851
5071.44  1.11706
5072.61  1.11833
5073.78  1.11357
5074.95  1.10660
5076.11  1.10640
5077.28  1.10399
5078.45  1.09185
5079.62  1.08396
5080.79  1.07629
5081.96  1.07236
5083.13  1.07907
5084.30  1.08389
5085.47  1.08834
5086.64  1.09873
5087.82  1.11048
5088.99  1.12191
5090.16  1.12646
5091.33  1.13112
5092.50  1.13791
5093.68  1.13621
5094.85  1.13077
5096.02  1.12460
5097.20  1.11758
5098.37  1.11111
5099.54  1.10357
5100.72  1.09939
5101.89  1.09610
5103.07  1.09323
5104.24  1.09363
5105.42  1.09466
5106.59  1.09160
5107.77  1.09230
5108.95  1.09232
5110.12  1.09524
5111.30  1.09678
5112.48  1.10540
5113.65  1.11381
5114.83  1.12305
5116.01  1.12590
5117.19  1.13023
5118.37  1.13439
5119.54  1.13172
5120.72  1.12156
5121.90  1.11071
5123.08  1.09513
5124.26  1.08170
5125.44  1.07459
5126.62  1.07045
5127.80  1.06712
5128.98  1.06710
5130.17  1.06947
5131.35  1.07581
5132.53  1.08374
5133.71  1.09055
5134.89  1.09095
5136.07  1.09375
5137.26  1.09554
5138.44  1.08990
5139.62  1.08403
5140.81  1.08299
5141.99  1.07782
5143.18  1.07197
5144.36  1.07020
5145.54  1.06827
5146.73  1.06115
5147.91  1.06061
5149.10  1.05780
5150.29  1.05579
5151.47  1.05851
5152.66  1.06434
5153.84  1.06876
5155.03  1.06953
5156.22  1.07879
5157.41  1.08192
5158.59  1.08020
5159.78  1.08184
5160.97  1.07071
5162.16  1.04885
5163.35  1.02437
5164.54  0.99774
5165.73  0.96642
5166.92  0.93595
5168.11  0.90654
5169.30  0.88223
5170.49  0.87510
5171.68  0.86962
5172.87  0.87097
5174.06  0.87868
5175.25  0.89266
5176.44  0.90872
5177.63  0.92453
5178.83  0.93476
5180.02  0.93616
5181.21  0.93659
5182.40  0.93290
5183.60  0.93101
5184.79  0.93396
5185.99  0.94237
5187.18  0.96616
5188.37  0.98845
5189.57  1.01137
5190.76  1.02881
5191.96  1.04467
5193.16  1.05723
5194.35  1.06923
5195.55  1.08147
5196.74  1.09157
5197.94  1.10119
5199.14  1.10751
5200.34  1.11321
5201.53  1.11015
5202.73  1.09996
5203.93  1.08833
5205.13  1.07526
5206.33  1.06416
5207.52  1.05568
5208.72  1.05438
5209.92  1.05886
5211.12  1.06987
5212.32  1.08859
5213.52  1.10483
5214.72  1.12084
5215.93  1.13583
5217.13  1.14420
5218.33  1.15514
5219.53  1.16116
5220.73  1.16001
5221.93  1.15937
5223.14  1.15281
5224.34  1.14343
5225.54  1.13776
5226.75  1.13051
5227.95  1.12723
5229.15  1.12905
5230.36  1.13971
5231.56  1.14917
5232.77  1.15671
5233.97  1.16771
5235.18  1.17672
5236.38  1.18968
5237.59  1.20010
5238.79  1.20526
5240.00  1.21249
5241.21  1.21708
5242.41  1.21870
5243.62  1.21608
5244.83  1.21490
5246.04  1.20548
5247.25  1.19747
5248.45  1.19314
5249.66  1.18564
5250.87  1.17927
5252.08  1.18269
5253.29  1.18191
5254.50  1.18259
5255.71  1.18513
5256.92  1.18876
5258.13  1.18778
5259.34  1.18042
5260.55  1.16951
5261.76  1.15248
5262.98  1.13277
5264.19  1.10912
5265.40  1.08593
5266.61  1.07303
5267.83  1.06360
5269.04  1.05877
5270.25  1.06180
5271.47  1.07231
5272.68  1.09030
5273.89  1.11473
5275.11  1.13301
5276.32  1.15267
5277.54  1.17352
5278.75  1.19263
5279.97  1.20681
5281.18  1.21375
5282.40  1.22202
5283.62  1.22654
5284.83  1.23606
5286.05  1.24448
5287.27  1.25548
5288.49  1.27097
5289.70  1.27675
5290.92  1.27976
5292.14  1.27717
5293.36  1.27059
5294.58  1.26396
5295.80  1.25450
5297.02  1.24402
5298.24  1.23434
5299.46  1.23169
5300.68  1.23404
5301.90  1.24142
5303.12  1.25275
5304.34  1.26799
5305.56  1.27892
5306.78  1.29240
5308.01  1.30448
5309.23  1.30816
5310.45  1.31221
5311.67  1.31559
5312.90  1.31411
5314.12  1.31374
5315.34  1.30420
5316.57  1.29715
5317.79  1.28919
5319.02  1.27881
5320.24  1.27248
5321.47  1.26005
5322.69  1.24212
5323.92  1.22780
5325.14  1.21312
5326.37  1.19893
5327.60  1.18760
5328.82  1.17948
5330.05  1.18168
5331.28  1.19002
5332.51  1.20176
5333.73  1.21428
5334.96  1.22670
5336.19  1.23394
5337.42  1.23978
5338.65  1.24098
5339.88  1.23795
5341.11  1.23931
5342.34  1.23901
5343.57  1.23661
5344.80  1.23748
5346.03  1.24019
5347.26  1.24746
5348.49  1.25140
5349.72  1.25569
5350.96  1.26875
5352.19  1.28291
5353.42  1.29054
5354.65  1.30209
5355.89  1.31675
5357.12  1.32140
5358.35  1.32283
5359.59  1.32358
5360.82  1.31829
5362.06  1.30789
5363.29  1.29681
5364.53  1.28650
5365.76  1.27255
5367.00  1.26372
5368.23  1.25297
5369.47  1.24178
5370.71  1.23792
5371.94  1.23725
5373.18  1.24213
5374.42  1.24913
5375.65  1.25831
5376.89  1.26623
5378.13  1.27815
5379.37  1.28302
5380.61  1.28155
5381.85  1.28331
5383.09  1.28224
5384.33  1.28292
5385.57  1.27674
5386.81  1.27047
5388.05  1.26497
5389.29  1.25661
5390.53  1.24732
5391.77  1.24132
5393.01  1.23000
5394.25  1.22346
5395.50  1.21583
5396.74  1.20519
5397.98  1.20159
5399.22  1.19969
5400.47  1.19617
5401.71  1.19372
5402.95  1.19481
5404.20  1.18885
5405.44  1.18828
5406.69  1.18316
5407.93  1.18207
5409.18  1.18894
5410.42  1.19637
5411.67  1.21377
5412.92  1.22448
5414.16  1.23577
5415.41  1.24976
5416.66  1.25903
5417.90  1.26244
5419.15  1.27182
5420.40  1.27665
5421.65  1.27275
5422.90  1.27223
5424.15  1.26745
5425.39  1.26188
5426.64  1.26097
5427.89  1.25447
5429.14  1.24712
5430.39  1.23898
5431.64  1.23500
5432.90  1.23436
5434.15  1.23599
5435.40  1.23685
5436.65  1.24431
5437.90  1.25423
5439.15  1.26251
5440.41  1.27224
5441.66  1.27522
5442.91  1.27815
5444.17  1.27595
5445.42  1.26600
5446.67  1.25687
5447.93  1.24906
5449.18  1.24335
5450.44  1.23955
5451.69  1.23781
5452.95  1.23406
5454.20  1.22844
5455.46  1.22588
5456.72  1.22480
5457.97  1.23011
5459.23  1.23314
5460.49  1.23446
5461.74  1.23622
5463.00  1.23634
5464.26  1.23617
5465.52  1.23862
5466.78  1.23784
5468.04  1.23603
5469.30  1.23624
5470.55  1.23303
5471.81  1.22641
5473.07  1.21963
5474.33  1.21572
5475.60  1.20949
5476.86  1.20446
5478.12  1.20363
5479.38  1.20386
5480.64  1.20776
5481.90  1.20681
5483.17  1.20954
5484.43  1.22156
5485.69  1.22410
5486.95  1.22818
5488.22  1.23066
5489.48  1.23369
5490.75  1.23694
5492.01  1.23981
5493.28  1.24271
5494.54  1.24037
5495.81  1.24092
5497.07  1.24405
5498.34  1.24119
5499.60  1.23630
5500.87  1.23810
5502.14  1.23140
5503.40  1.22707
5504.67  1.22707
5505.94  1.22224
5507.21  1.22072
5508.47  1.21848
5509.74  1.21429
5511.01  1.21739
5512.28  1.21281
5513.55  1.21478
5514.82  1.21765
5516.09  1.22004
5517.36  1.23333
5518.63  1.24170
5519.90  1.24414
5521.17  1.25030
5522.44  1.25309
5523.72  1.25131
5524.99  1.25012
5526.26  1.24268
5527.53  1.23756
5528.81  1.23508
5530.08  1.23464
5531.35  1.23321
5532.63  1.23731
5533.90  1.24453
5535.17  1.25090
5536.45  1.25500
5537.72  1.25417
5539.00  1.25884
5540.28  1.26510
5541.55  1.26924
5542.83  1.27131
5544.10  1.27380
5545.38  1.27867
5546.66  1.28597
5547.93  1.28644
5549.21  1.29028
5550.49  1.29179
5551.77  1.29210
5553.05  1.28756
5554.33  1.28374
5555.60  1.27998
5556.88  1.27601
5558.16  1.27530
5559.44  1.27240
5560.72  1.26257
5562.00  1.25931
5563.29  1.25962
5564.57  1.24910
5565.85  1.25057
5567.13  1.25112
5568.41  1.24758
5569.69  1.24761
5570.98  1.24677
5572.26  1.24450
5573.54  1.25297
5574.83  1.25010
5576.11  1.25202
5577.39  1.25741
5578.68  1.25316
5579.96  1.24873
5581.25  1.24230
5582.53  1.23701
5583.82  1.23304
5585.11  1.22398
5586.39  1.21435
5587.68  1.20117
5588.96  1.19472
5590.25  1.19517
5591.54  1.19264
5592.83  1.19298
5594.11  1.20000
5595.40  1.20598
5596.69  1.20599
5597.98  1.20957
5599.27  1.21745
5600.56  1.21908
5601.85  1.21986
5603.14  1.22576
5604.43  1.23486
5605.72  1.24711
5607.01  1.25488
5608.30  1.26090
5609.59  1.26960
5610.88  1.27278
5612.18  1.26832
5613.47  1.26234
5614.76  1.25514
5616.05  1.24284
5617.35  1.23787
5618.64  1.23347
5619.94  1.23074
5621.23  1.22943
5622.52  1.23164
5623.82  1.23133
5625.11  1.22703
5626.41  1.22931
5627.71  1.23675
5629.00  1.23885
5630.30  1.24071
5631.59  1.24651
5632.89  1.25130
5634.19  1.25204
5635.49  1.24889
5636.78  1.24642
5638.08  1.24533
5639.38  1.24191
5640.68  1.24220
5641.98  1.24546
5643.28  1.24332
5644.58  1.24336
5645.88  1.25022
5647.18  1.25458
5648.48  1.25370
5649.78  1.25360
5651.08  1.25233
5652.38  1.25273
5653.68  1.25575
5654.98  1.25178
5656.29  1.24023
5657.59  1.23553
5658.89  1.23115
5660.19  1.23032
5661.50  1.22730
5662.80  1.22842
5664.11  1.23053
5665.41  1.23772
5666.71  1.23857
5668.02  1.24272
5669.32  1.24931
5670.63  1.25721
5671.94  1.26364
5673.24  1.26781
5674.55  1.27436
5675.86  1.27512
5677.16  1.27621
5678.47  1.27808
5679.78  1.27875
5681.09  1.27360
5682.39  1.26752
5683.70  1.25921
5685.01  1.25233
5686.32  1.25186
5687.63  1.25193
5688.94  1.25360
5690.25  1.26208
5691.56  1.26607
5692.87  1.26731
5694.18  1.27124
5695.49  1.27366
5696.80  1.27585
5698.12  1.26799
5699.43  1.26225
5700.74  1.25526
5702.05  1.24657
5703.37  1.24059
5704.68  1.23240
5705.99  1.22691
5707.31  1.22357
5708.62  1.22532
5709.94  1.22303
5711.25  1.21841
5712.57  1.22634
5713.88  1.23873
5715.20  1.25287
5716.52  1.25950
5717.83  1.27241
5719.15  1.28379
5720.47  1.29159
5721.78  1.29826
5723.10  1.30479
5724.42  1.30766
5725.74  1.30856
5727.05  1.30720
5728.37  1.30747
5729.69  1.30457
5731.01  1.30245
5732.33  1.30243
5733.65  1.30442
5734.97  1.30296
5736.29  1.29833
5737.61  1.30024
5738.94  1.30271
5740.26  1.30422
5741.58  1.30907
5742.90  1.30320
5744.22  1.29808
5745.55  1.30338
5746.87  1.30322
5748.19  1.29746
5749.52  1.29288
5750.84  1.29162
5752.17  1.28968
5753.49  1.28925
5754.81  1.28441
5756.14  1.28411
5757.47  1.28685
5758.79  1.28271
5760.12  1.28589
5761.44  1.28703
5762.77  1.28651
5764.10  1.28948
5765.43  1.29275
5766.75  1.29710
5768.08  1.29876
5769.41  1.29410
5770.74  1.29879
5772.07  1.30129
5773.40  1.29954
5774.73  1.29546
5776.06  1.28577
5777.39  1.28338
5778.72  1.27263
5780.05  1.25601
5781.38  1.25316
5782.71  1.24463
5784.04  1.24780
5785.37  1.24602
5786.71  1.23821
5788.04  1.24499
5789.37  1.25835
5790.70  1.26579
5792.04  1.27234
5793.37  1.28068
5794.71  1.29047
5796.04  1.29750
5797.37  1.30823
5798.71  1.30934
5800.04  1.31297
5801.38  1.31228
5802.72  1.31381
5804.05  1.31758
5805.39  1.31739
5806.73  1.31320
5808.06  1.31498
5809.40  1.31359
5810.74  1.31282
5812.08  1.31338
5813.42  1.30751
5814.75  1.31127
5816.09  1.31055
5817.43  1.30711
5818.77  1.31334
5820.11  1.31934
5821.45  1.31876
5822.79  1.32483
5824.13  1.32176
5825.48  1.32190
5826.82  1.32347
5828.16  1.32739
5829.50  1.33130
5830.84  1.32490
5832.19  1.31945
5833.53  1.32309
5834.87  1.32218
5836.22  1.32089
5837.56  1.31885
5838.90  1.31919
5840.25  1.32191
5841.59  1.31592
5842.94  1.32131
5844.28  1.31461
5845.63  1.30709
5846.98  1.30375
5848.32  1.29806
5849.67  1.28952
5851.02  1.28356
5852.36  1.27694
5853.71  1.27041
5855.06  1.26355
5856.41  1.25722
5857.76  1.25143
5859.11  1.24833
5860.46  1.24666
5861.80  1.25098
5863.15  1.25102
5864.50  1.24872
5865.86  1.25117
5867.21  1.26057
5868.56  1.26466
5869.91  1.26198
5871.26  1.26487
5872.61  1.26510
5873.96  1.26057
5875.32  1.25490
5876.67  1.25054
5878.02  1.24337
5879.38  1.23132
5880.73  1.21602
5882.09  1.20047
5883.44  1.17944
5884.80  1.14851
5886.15  1.12417
5887.51  1.09848
5888.86  1.06058
5890.22  1.02634
5891.57  1.00701
5892.93  1.00040
5894.29  1.00392
5895.65  1.00629
5897.00  1.01657
5898.36  1.03803
5899.72  1.06235
5901.08  1.09775
5902.44  1.12904
5903.80  1.15626
5905.16  1.17667
5906.52  1.19671
5907.88  1.20941
5909.24  1.21191
5910.60  1.22625
5911.96  1.23077
5913.32  1.22765
5914.68  1.23372
5916.04  1.23185
5917.41  1.23316
5918.77  1.23580
5920.13  1.23999
5921.49  1.24485
5922.86  1.24580
5924.22  1.24653
5925.59  1.24807
5926.95  1.25252
5928.32  1.25161
5929.68  1.25137
5931.05  1.24953
5932.41  1.25684
5933.78  1.25447
5935.15  1.25560
5936.51  1.25672
5937.88  1.25769
5939.25  1.25990
5940.61  1.26152
5941.98  1.25633
5943.35  1.26183
5944.72  1.26134
5946.09  1.26185
5947.46  1.26426
5948.83  1.25878
5950.20  1.25248
5951.57  1.25298
5952.94  1.25600
5954.31  1.25536
5955.68  1.25355
5957.05  1.25119
5958.42  1.25218
5959.80  1.25621
5961.17  1.26337
5962.54  1.27024
5963.91  1.27058
5965.29  1.27233
5966.66  1.27687
5968.03  1.27884
5969.41  1.27416
5970.78  1.27409
5972.16  1.27742
5973.53  1.27866
5974.91  1.27428
5976.29  1.26440
5977.66  1.26057
5979.04  1.26152
5980.42  1.25673
5981.79  1.25395
5983.17  1.24982
5984.55  1.25056
5985.93  1.25496
5987.30  1.24820
5988.68  1.24976
5990.06  1.25720
5991.44  1.26040
5992.82  1.26361
5994.20  1.25928
5995.58  1.26363
5996.96  1.25799
5998.34  1.25925
5999.73  1.25964
6001.11  1.25470
6002.49  1.25022
6003.87  1.24892
6005.25  1.24490
6006.64  1.24413
6008.02  1.24236
6009.40  1.23525
6010.79  1.23615
6012.17  1.24219
6013.56  1.23818
6014.94  1.23302
6016.33  1.23442
6017.71  1.23735
6019.10  1.23882
6020.48  1.23612
6021.87  1.23687
6023.26  1.24419
6024.64  1.25017
6026.03  1.25548
6027.42  1.25923
6028.81  1.26670
6030.19  1.27624
6031.58  1.27963
6032.97  1.28424
6034.36  1.28578
6035.75  1.28120
6037.14  1.28328
6038.53  1.29511
6039.92  1.29909
6041.31  1.30105
6042.70  1.29692
6044.10  1.29979
6045.49  1.30378
6046.88  1.30344
6048.27  1.30230
6049.67  1.29972
6051.06  1.29618
6052.45  1.29621
6053.85  1.30102
6055.24  1.29080
6056.63  1.28678
6058.03  1.28389
6059.42  1.28296
6060.82  1.28550
6062.22  1.28273
6063.61  1.28508
6065.01  1.28540
6066.40  1.28837
6067.80  1.28814
6069.20  1.29176
6070.60  1.30186
6071.99  1.30742
6073.39  1.30718
6074.79  1.30632
6076.19  1.29641
6077.59  1.29224
6078.99  1.28685
6080.39  1.28113
6081.79  1.27475
6083.19  1.27328
6084.59  1.27080
6085.99  1.26854
6087.39  1.26533
6088.79  1.26498
6090.20  1.26369
6091.60  1.25916
6093.00  1.26206
6094.41  1.26389
6095.81  1.25672
6097.21  1.26248
6098.62  1.26831
6100.02  1.27170
6101.43  1.25734
6102.83  1.25303
6104.24  1.25756
6105.64  1.25882
6107.05  1.25981
6108.45  1.25851
6109.86  1.26291
6111.27  1.27209
6112.68  1.27546
6114.08  1.27198
6115.49  1.27123
6116.90  1.26640
6118.31  1.26251
6119.72  1.25662
6121.13  1.25204
6122.54  1.24507
6123.95  1.24012
6125.36  1.24145
6126.77  1.24761
6128.18  1.25189
6129.59  1.24576
6131.00  1.24677
6132.41  1.24612
6133.82  1.23895
6135.24  1.23613
6136.65  1.23412
6138.06  1.23547
6139.48  1.23619
6140.89  1.23657
6142.30  1.23912
6143.72  1.24276
6145.13  1.24869
6146.55  1.25294
6147.96  1.25515
6149.38  1.25195
6150.80  1.24164
6152.21  1.23565
6153.63  1.23362
6155.05  1.22292
6156.46  1.20951
6157.88  1.19914
6159.30  1.18883
6160.72  1.16935
6162.14  1.15872
6163.56  1.15677
6164.98  1.14547
6166.40  1.15131
6167.82  1.15647
6169.24  1.15891
6170.66  1.16376
6172.08  1.17082
6173.50  1.18144
6174.92  1.18532
6176.34  1.19418
6177.76  1.20031
6179.19  1.20430
6180.61  1.21035
6182.03  1.21581
6183.46  1.20691
6184.88  1.20273
6186.31  1.20521
6187.73  1.19673
6189.15  1.19112
6190.58  1.18268
6192.01  1.17937
6193.43  1.18204
6194.86  1.18265
6196.28  1.19175
6197.71  1.19818
6199.14  1.19720
6200.57  1.19842
6201.99  1.20416
6203.42  1.20956
6204.85  1.20827
6206.28  1.20864
6207.71  1.20569
6209.14  1.20689
6210.57  1.19302
6212.00  1.18573
6213.43  1.17937
6214.86  1.16804
6216.29  1.16336
6217.72  1.15625
6219.15  1.14959
6220.59  1.14706
6222.02  1.14463
6223.45  1.14855
6224.89  1.15378
6226.32  1.15126
6227.75  1.14801
6229.19  1.14457
6230.62  1.14914
6232.06  1.14406
6233.49  1.14665
6234.93  1.14636
6236.36  1.14885
6237.80  1.15538
6239.24  1.14247
6240.67  1.13931
6242.11  1.14116
6243.55  1.13029
6244.98  1.13211
6246.42  1.13452
6247.86  1.13390
6249.30  1.13543
6250.74  1.13503
6252.18  1.13459
6253.62  1.13242
6255.06  1.12740
6256.50  1.12960
6257.94  1.12629
6259.38  1.12894
6260.82  1.13830
6262.26  1.14273
6263.71  1.15208
6265.15  1.16170
6266.59  1.16133
6268.03  1.17118
6269.48  1.18082
6270.92  1.18316
6272.37  1.18691
6273.81  1.18358
6275.25  1.18124
6276.70  1.18628
6278.15  1.19229
6279.59  1.19121
6281.04  1.19317
6282.48  1.19822
6283.93  1.20271
6285.38  1.19758
6286.82  1.19963
6288.27  1.19822
6289.72  1.20503
6291.17  1.20926
6292.62  1.20365
6294.07  1.20029
6295.52  1.20071
6296.97  1.19687
6298.42  1.19543
6299.87  1.19233
6301.32  1.18987
6302.77  1.19461
6304.22  1.19599
6305.67  1.19741
6307.12  1.19700
6308.58  1.19597
6310.03  1.19632
6311.48  1.19511
6312.94  1.19119
6314.39  1.18249
6315.84  1.18073
6317.30  1.18039
6318.75  1.18125
6320.21  1.18335

