 3606  55182   219  -0.0001904  A0                   
 3852  55243   766   0.0003623  A0                   
 3865  55272   694  -0.0000462  A0                   
 3589  55186    10  -0.0006318  A0                   
 3650  55244   142  -0.0005536  A0                   
 3665  55247   774  -0.0003994  A0                   
 3662  55182   764   0.0002076  A0                   
 3675  55183   172   0.0003042  A0                   
 3650  55244   160   0.0000917  A0                   
 3843  55278   216  -0.0000053  A0                   
 3647  55241   483  -0.0005597  A0                   
 3769  55240    79   0.0004967  A0                   
 3760  55268   863   0.0002492  A0                   
 3794  55241   264   0.0006174  A0                   
 3863  55280   644  -0.0002588  A0                   
 3615  55208   844  -0.0006226  A0                   
 3769  55240   977   0.0005900  A0                   
 3676  55186   400   0.0002127  A0                   
 3851  55302   660  -0.0003175  A0                   
 3650  55244   723  -0.0005320  A0                   
 3870  55273   782  -0.0001735  A0p                  
 3784  55269   770   0.0003999  A0p                  
 3780  55240   446   0.0003937  A0p                  
 3745  55234   938  -0.0005634  A0p                  
 3793  55214    68   0.0002407  A0p                  
 3769  55240   890   0.0005796  A0p                  
 3744  55209   520  -0.0005862  A0p                  
 3586  55181   900   0.0000123  A0p                  
 3776  55209   658   0.0002431  A0p                  
 3647  55241    14  -0.0004581  A0p                  
 3776  55209   510  -0.0000475  A0p                  
 3639  55205   528  -0.0005529  A0p                  
 3650  55244   716  -0.0000504  A0p                  
 3778  55213   538  -0.0004123  A0p                  
 3744  55209   166  -0.0005562  A0p                  
 3778  55213   106  -0.0000753  A0p                  
 3665  55247   953  -0.0000145  A0p                  
 3778  55213   255  -0.0004499  A0p                  
 3664  55245   266  -0.0003455  A0p                  
 3853  55268   316  -0.0005263  A0p                  
 3667  55186   846  -0.0000043  B 6                  
 3856  55269    78   0.0001129  B 6                  
 3788  55246   828   0.0003217  B 6                  
 3659  55181    80  -0.0000509  B 6                  
 3674  55182   505  -0.0001347  B 6                  
 3859  55246   825  -0.0006704  B 6                  
 3783  55246   549   0.0002665  B 6                  
 3662  55182   788  -0.0005471  B 6                  
 3657  55244   992  -0.0003108  B 6                  
 3615  55179    78  -0.0000817  B 6                  
 3843  55278   482  -0.0000320  B 6                  
 3676  55186   804  -0.0003783  B 6                  
 3869  55273   826   0.0000006  B 6                  
 3781  55243   649  -0.0002402  B 6                  
 3792  55212   544  -0.0004570  B 6                  
 3832  55289   278   0.0000049  B 6                  
 3689  55180   406  -0.0000539  B 6                  
 3854  55247   546  -0.0003810  B 6                  
 3659  55181   632  -0.0004969  B 6                  
 3861  55274    51  -0.0001009  B 6                  
 3861  55274    64   0.0000097  B 9                  
 3674  55182   786  -0.0002123  B 9                  
 3965  55302   982   0.0001296  B 9                  
 3766  55213   128   0.0004425  B 9                  
 3804  55267   180  -0.0002190  B 9                  
 3686  55268   308   0.0002068  B 9                  
 3655  55240   832   0.0001729  B 9                  
 3777  55210   432   0.0006616  B 9                  
 3861  55274   788   0.0002405  B 9                  
 3781  55243   782   0.0003598  B 9                  
 3776  55209   702   0.0000302  B 9                  
 3590  55201   844  -0.0000575  B 9                  
 3691  55274   696  -0.0000772  B 9                  
 3789  55269   384   0.0006308  B 9                  
 3677  55205   452  -0.0002340  B 9                  
 3689  55180   362   0.0002564  B 9                  
 3651  55259   736  -0.0004598  B 9                  
 3849  55274   766  -0.0001141  CV                   
 3853  55268   214   0.0006107  CV                   
 3692  55186   734  -0.0000485  CV                   
 3857  55272   404   0.0013802  CV                   
 3794  55241    24   0.0010447  CV                   
 3655  55240   318   0.0007692  CV                   
 3682  55244   654   0.0001470  CV                   
 3695  55212   686  -0.0001604  CV                   
 3873  55277   914   0.0001494  CV                   
 3766  55213   594   0.0005507  CV                   
 3651  55259   602   0.0028874  CV                   
 3781  55243   176   0.0003115  CV                   
 3680  55210   324   0.0001090  CV                   
 3779  55222   890   0.0007930  CV                   
 3780  55240   436   0.0002156  CV                   
 3656  55241   540  -0.0001264  CV                   
 3849  55274   648  -0.0005725  CV                   
 3776  55209   966   0.0005356  CV                   
 3684  55246   764  -0.0000299  CV                   
 3859  55246   960   0.0001503  CV                   
 3789  55269   260   0.0003877  CV                   
 3677  55205   806   0.0006071  CV                   
 3792  55212   644  -0.0004744  CV                   
 3662  55182   866   0.0004235  CV                   
 3683  55178   930   0.0006330  CV                   
 3656  55241   898   0.0002349  CV                   
 3767  55214   840   0.0017246  CV                   
 3856  55269   690   0.0000840  CV                   
 3833  55290   892   0.0028837  CV                   
 3793  55214   598   0.0019548  CV                   
 3586  55181   854   0.0001531  CV                   
 3854  55247   628   0.0002558  CV                   
 3859  55246    98   0.0004482  CV                   
 3676  55186   676   0.0004773  CV                   
 3609  55201    16   0.0019571  CV                   
 3861  55274   212   0.0026599  CV                   
 3860  55269   842   0.0015019  CV                   
 3869  55273   616   0.0004192  CV                   
 3779  55222   940   0.0001983  CV                   
 3666  55185   796   0.0004494  CV                   
 3849  55274   270   0.0006141  CV                   
 3976  55302   678   0.0002652  CV                   
 3697  55290   998   0.0003401  CV                   
 3744  55209   330   0.0002802  Carbon               
 3832  55289   978   0.0010336  Carbon               
 3936  55302   816   0.0005033  Carbon               
 3849  55274   365   0.0004696  Carbon               
 3793  55214    80   0.0004562  Carbon               
 3794  55241   116   0.0004990  Carbon               
 3769  55240    78   0.0011572  Carbon               
 3673  55178   440   0.0002619  Carbon               
 3783  55246   706   0.0010544  Carbon               
 3870  55273   344   0.0002461  Carbon               
 3694  55209   672   0.0014906  CarbonWD             
 3852  55243   630   0.0032205  CarbonWD             
 3965  55302   464   0.0038096  CarbonWD             
 3852  55243    48   0.0037264  CarbonWD             
 3745  55234   924   0.0018479  CarbonWD             
 3793  55214   359   0.0008556  Carbon_lines         
 3745  55234   558   0.0003727  Carbon_lines         
 3664  55245   377   0.0003308  Carbon_lines         
 3586  55181   344   0.0004455  Carbon_lines         
 3879  55244    32  -0.0004688  Carbon_lines         
 3857  55272   672  -0.0002832  Carbon_lines         
 3587  55182   733  -0.0002069  Carbon_lines         
 3861  55274   712  -0.0002670  Carbon_lines         
 3662  55182   594  -0.0000073  F2                   
 3783  55246   808   0.0007009  F2                   
 3752  55236   608   0.0000455  F2                   
 3687  55269   612  -0.0007401  F2                   
 3679  55209   826  -0.0001441  F2                   
 3666  55185   130  -0.0000242  F2                   
 3691  55274   188   0.0004582  F2                   
 3588  55184   316  -0.0001647  F2                   
 3862  55276   472  -0.0001835  F2                   
 3695  55212   418  -0.0000129  F2                   
 3691  55274   396   0.0000739  F2                   
 3752  55236   138  -0.0000819  F2                   
 3836  55302   935   0.0002259  F2                   
 3688  55273   480  -0.0002087  F2                   
 3683  55245   660   0.0000641  F2                   
 3752  55236   302   0.0002408  F2                   
 3692  55186   730   0.0001345  F2                   
 3680  55210   256   0.0000992  F2                   
 3792  55212    87   0.0005831  F2                   
 3696  55277   160  -0.0001740  F2                   
 3688  55273   188   0.0001001  F5                   
 3666  55185   686   0.0000865  F5                   
 3788  55246   624   0.0007044  F5                   
 3745  55234   467  -0.0007296  F5                   
 3778  55213    12   0.0001083  F5                   
 3590  55201   617  -0.0004958  F5                   
 3665  55247   786  -0.0006238  F5                   
 3861  55274   162  -0.0001239  F5                   
 3865  55272   130  -0.0003123  F5                   
 3777  55210   282   0.0008167  F5                   
 3775  55207   662   0.0005052  F5                   
 3693  55208   112  -0.0000640  F5                   
 3782  55244   506   0.0013893  F5                   
 3777  55210   436   0.0011110  F5                   
 3682  55244   872  -0.0011297  F5                   
 3936  55302   132   0.0002304  F5                   
 3861  55274   858   0.0000472  F5                   
 3965  55302   856   0.0001454  F5                   
 3859  55246    16  -0.0002104  F5                   
 3639  55205   508  -0.0006874  F5                   
 3666  55185   600  -0.0000426  F9                   
 3689  55180   394  -0.0000051  F9                   
 3694  55209   652  -0.0003897  F9                   
 3675  55183   572  -0.0001019  F9                   
 3655  55240   460  -0.0005381  F9                   
 3655  55240   176   0.0000354  F9                   
 3780  55240   856  -0.0001833  F9                   
 3655  55240   712  -0.0000417  F9                   
 3687  55269   174  -0.0001434  F9                   
 3857  55272   447   0.0007014  F9                   
 3692  55186   310   0.0003035  F9                   
 3667  55186   132  -0.0000460  F9                   
 3752  55236   312   0.0001310  F9                   
 3674  55182   796   0.0001603  F9                   
 3690  55182   906  -0.0001657  F9                   
 3694  55209   624  -0.0001029  F9                   
 3679  55209   758  -0.0007300  F9                   
 3751  55234   740   0.0000003  F9                   
 3685  55261   938  -0.0004352  F9                   
 3659  55181   930  -0.0000758  F9                   
 3655  55240   162  -0.0000189  G0                   
 3659  55181   678  -0.0001627  G0                   
 3664  55245   500  -0.0000352  G0                   
 3664  55245   665  -0.0000062  G0                   
 3769  55240    74   0.0007602  G0                   
 3666  55185   210  -0.0000450  G0                   
 3674  55182   794  -0.0000604  G0                   
 3766  55213   784   0.0009658  G0                   
 3664  55245   734   0.0000644  G0                   
 3674  55182   722  -0.0001503  G0                   
 3695  55212   338  -0.0000547  G0                   
 3833  55290   179   0.0000096  G0                   
 3651  55259   354  -0.0001193  G0                   
 3936  55302   168  -0.0000559  G0                   
 3789  55269   664  -0.0001895  G0                   
 3685  55261   890   0.0000479  G0                   
 3659  55181   832  -0.0001404  G0                   
 3657  55244   120  -0.0002595  G0                   
 3695  55212   664  -0.0000023  G0                   
 3687  55269   784   0.0000777  G2                   
 3695  55212   214  -0.0000734  G2                   
 3785  55241   914   0.0001631  G2                   
 3678  55208   454  -0.0000064  G2                   
 3766  55213   860   0.0001998  G2                   
 3660  55209   206  -0.0001167  G2                   
 3879  55244   872  -0.0003298  G2                   
 3663  55176   186  -0.0000270  G2                   
 3751  55234   546   0.0001153  G2                   
 3689  55180   505  -0.0005410  G2                   
 3936  55302   918  -0.0006969  G2                   
 3779  55222   268   0.0001856  G2                   
 3666  55185   184   0.0001028  G2                   
 3873  55277   682   0.0001549  G2                   
 3656  55241   978  -0.0000111  G2                   
 3667  55186   910   0.0006119  G2                   
 3683  55178   598  -0.0005996  G2                   
 3778  55213   272   0.0000912  G2                   
 3769  55240   933   0.0006864  G2                   
 3685  55261   992  -0.0000763  G2                   
 3665  55247   590   0.0002117  G2                   
 3691  55274   212   0.0000854  G5                   
 3770  55234   979   0.0003695  G5                   
 3681  55243   336   0.0001002  G5                   
 3816  55272   192   0.0002410  G5                   
 3678  55208   494   0.0000304  G5                   
 3752  55236   162   0.0000606  G5                   
 3859  55246   598   0.0001429  G5                   
 3676  55186   766   0.0000056  G5                   
 3662  55182   482   0.0000010  G5                   
 3686  55268   838  -0.0000364  G5                   
 3586  55181   460  -0.0005122  G5                   
 3816  55272   820   0.0005973  G5                   
 3862  55276   295  -0.0005056  G5                   
 3692  55186   445  -0.0000900  G5                   
 3674  55182   306  -0.0000141  G5                   
 3673  55178   672   0.0003520  G5                   
 3679  55209   700   0.0000909  G5                   
 3679  55209   976  -0.0001970  G5                   
 3680  55210   316   0.0000321  G5                   
 3675  55183    88   0.0000243  G5                   
 3785  55241   940   0.0003749  K1                   
 3639  55205   138  -0.0000513  K1                   
 3766  55213   290   0.0001288  K1                   
 3761  55272   116  -0.0003422  K1                   
 3660  55209   912   0.0000644  K1                   
 3667  55186   301   0.0000509  K1                   
 3770  55234    98   0.0002308  K1                   
 3662  55182   372   0.0001339  K1                   
 3781  55243   668   0.0009496  K1                   
 3766  55213   524   0.0000077  K1                   
 3679  55209   468  -0.0003826  K1                   
 3779  55222   956   0.0002465  K1                   
 3792  55212   268   0.0004621  K1                   
 3769  55240    48   0.0005767  K1                   
 3681  55243   284  -0.0001699  K1                   
 3816  55272   610   0.0004327  K1                   
 3680  55210    78  -0.0001679  K1                   
 3873  55277   692  -0.0000895  K1                   
 3805  55269   680   0.0002685  K1                   
 3662  55182   730  -0.0002361  K1                   
 3777  55210   982   0.0002964  K1                   
 3965  55302   308  -0.0002001  K1                   
 3662  55182   292  -0.0001064  K1                   
 3936  55302   823  -0.0000484  K3                   
 3663  55176   206  -0.0001607  K3                   
 3781  55243   740  -0.0000016  K3                   
 3682  55244   668   0.0000382  K3                   
 3804  55267   692  -0.0001052  K3                   
 3659  55181   219  -0.0000159  K3                   
 3874  55280   114  -0.0001512  K3                   
 3936  55302   416  -0.0004085  K3                   
 3685  55261   378   0.0000147  K3                   
 3836  55302   552   0.0010612  K3                   
 3661  55212   993   0.0000270  K3                   
 3936  55302   636   0.0001235  K3                   
 3774  55244   534   0.0002266  K3                   
 3873  55277   700  -0.0000745  K3                   
 3687  55269   213   0.0001137  K3                   
 3767  55214   134   0.0001312  K3                   
 3689  55180   990   0.0000219  K3                   
 3760  55268   672  -0.0000247  K3                   
 3667  55186   474   0.0000560  K3                   
 3793  55214   816   0.0002482  K3                   
 3658  55205   929   0.0000546  K5                   
 3659  55181   948  -0.0000927  K5                   
 3736  55214   165  -0.0001912  K5                   
 3659  55181    44   0.0001128  K5                   
 3851  55302   374  -0.0005211  K5                   
 3853  55268   961  -0.0001477  K5                   
 3660  55209   474   0.0000455  K5                   
 3655  55240   798   0.0001778  K5                   
 3655  55240   364   0.0001077  K5                   
 3751  55234   736  -0.0000337  K5                   
 3665  55247   472  -0.0001125  K5                   
 3681  55243   294   0.0000070  K5                   
 3761  55272   832   0.0000278  K5                   
 3760  55268   660   0.0000229  K5                   
 3676  55186    48   0.0001578  K5                   
 3647  55181   567  -0.0005333  K5                   
 3606  55182   428  -0.0000515  K5                   
 3609  55201    68  -0.0004884  K5                   
 3689  55180   204  -0.0002012  K5                   
 3683  55245   644  -0.0000567  K5                   
 3687  55269   402   0.0000231  K7                   
 3661  55212   674  -0.0001287  K7                   
 3658  55205   834   0.0001029  K7                   
 3664  55245   682   0.0000870  K7                   
 3661  55212  1000  -0.0000390  K7                   
 3874  55280   485  -0.0000046  K7                   
 3588  55184   406  -0.0002458  K7                   
 3678  55208   848  -0.0001400  K7                   
 3782  55244   184   0.0000573  K7                   
 3785  55241    56   0.0001911  K7                   
 3752  55236   935   0.0000339  K7                   
 3690  55182   840   0.0000873  K7                   
 3859  55246   776  -0.0000425  K7                   
 3695  55212   438   0.0000662  K7                   
 3657  55244   714  -0.0000729  K7                   
 3689  55180   156   0.0000595  K7                   
 3606  55182   842  -0.0000031  K7                   
 3656  55241   324   0.0000188  K7                   
 3770  55234   412   0.0001206  K7                   
 3693  55208   292   0.0000399  K7                   
 3861  55274   652  -0.0000438  L                   
 3767  55214   868   0.0000677  L                   
 3775  55207   954  -0.0000184  L                   
 3639  55205    18   0.0000244  L                   
 3767  55214   346  -0.0000387  L                   
 3681  55243   220  -0.0000257  L                   
 3772  55277   622   0.0001427  L                   
 3736  55214   750   0.0000298  L                   
 3861  55274   980   0.0000060  L                   
 3692  55186   322   0.0001219  L                   
 3860  55269   766  -0.0000315  L                   
 3780  55240   782   0.0000394  L                   
 3829  55300   287  -0.0001087  L                   
 3774  55244    14   0.0001153  L                   
 3681  55243   876  -0.0000742  L                   
 3804  55267   771  -0.0000304  L                   
 3860  55269   807  -0.0000817  L                   
 3760  55268   340  -0.0001398  L                   
 3804  55267    26   0.0000246  L                   
 3744  55209   449  -0.0019552  L                   
 3587  55182   564  -0.0000313  L                   
 3679  55209    10  -0.0000318  L                   
 3859  55246   106  -0.0000233  L                   
 3744  55209   876  -0.0000701  L                   
 3655  55240   904   0.0002035  L                   
 3606  55182   386  -0.0001325  L                   
 3790  55208   112  -0.0019541  L                   
 3760  55268   382  -0.0000259  L                   
 3696  55277   233  -0.0000402  M0V                  
 3589  55186   640  -0.0007101  M0V                  
 3793  55214   557   0.0002340  M0V                  
 3833  55290   590   0.0001749  M0V                  
 3804  55267   954  -0.0000566  M0V                  
 3590  55201   430  -0.0000111  M0V                  
 3936  55302   274   0.0000118  M0V                  
 3751  55234   457   0.0002357  M0V                  
 3785  55273   877   0.0005926  M0V                  
 3859  55246   266  -0.0007015  M0V                  
 3590  55201   521   0.0000517  M0V                  
 3832  55289    78   0.0001521  M0V                  
 3936  55302   482  -0.0001284  M0V                  
 3804  55267   430   0.0003908  M0V                  
 3751  55234   531  -0.0003107  M0V                  
 3785  55273   355   0.0000281  M0V                  
 3590  55201   414   0.0000091  M0V                  
 3659  55181   407   0.0000400  M0V                  
 3589  55186   861   0.0001210  M0V                  
 3681  55243   752  -0.0001313  M0V                  
 3661  55212   787   0.0000999  M1                   
 3662  55182   474  -0.0000031  M1                   
 3692  55186   716  -0.0002008  M1                   
 3662  55182     2  -0.0001052  M1                   
 3816  55272   518   0.0001000  M1                   
 3785  55273   511  -0.0001896  M1                   
 3688  55273   289   0.0000957  M1                   
 3774  55244   711  -0.0000642  M1                   
 3766  55213   219   0.0003434  M1                   
 3863  55280   267  -0.0002449  M1                   
 3751  55234   619   0.0000071  M1                   
 3685  55261   735  -0.0000277  M1                   
 3656  55241   366  -0.0001197  M1                   
 3816  55272   674  -0.0001466  M1                   
 3833  55290   247   0.0003947  M1                   
 3772  55277   164  -0.0000135  M1                   
 3586  55181   683  -0.0002768  M1                   
 3679  55209   733  -0.0000683  M1                   
 3694  55209   120  -0.0001276  M1                   
 3804  55267   664  -0.0006639  M1                   
 3854  55247   702  -0.0002447  M1                   
 3694  55209   139   0.0000263  M2                   
 3662  55182    53   0.0001072  M2                   
 3778  55213   537   0.0000313  M2                   
 3692  55186   853  -0.0000164  M2                   
 3661  55212   631  -0.0000167  M2                   
 3587  55182   822  -0.0000115  M2                   
 3658  55205    77   0.0000269  M2                   
 3680  55210   909  -0.0000721  M2                   
 3691  55274   127   0.0000360  M2                   
 3860  55269   903  -0.0000648  M2                   
 3693  55208   333  -0.0002830  M2                   
 3863  55280   194  -0.0002641  M2                   
 3661  55212   669  -0.0000489  M2                   
 3680  55210   427   0.0000537  M2                   
 3695  55212   421  -0.0002897  M2                   
 3587  55182   311  -0.0001717  M2                   
 3686  55268   604  -0.0002947  M2                   
 3656  55241   687   0.0001597  M2                   
 3688  55273   677  -0.0000983  M2                   
 3678  55208   410  -0.0001317  M2                   
 3685  55261   193   0.0000821  M2V                  
 3745  55234   744  -0.0005124  M2V                  
 3687  55269   756  -0.0000998  M2V                  
 3663  55176   675   0.0001162  M2V                  
 3689  55180   218  -0.0002606  M2V                  
 3767  55214   582   0.0000633  M2V                  
 3659  55181   577   0.0001505  M2V                  
 3589  55186   588  -0.0006595  M2V                  
 3663  55176   327   0.0000965  M2V                  
 3663  55176   235  -0.0003258  M2V                  
 3675  55183   890  -0.0009352  M2V                  
 3695  55212   442  -0.0002429  M2V                  
 3785  55241   452   0.0003265  M2V                  
 3586  55181   858  -0.0000109  M2V                  
 3665  55247   145   0.0001182  M3                   
 3774  55244   231   0.0000378  M3                   
 3776  55209   773   0.0000115  M3                   
 3639  55205   132   0.0001794  M3                   
 3688  55273   263  -0.0001102  M3                   
 3678  55208   629  -0.0000901  M3                   
 3673  55178   439  -0.0000622  M3                   
 3659  55181   875   0.0004577  M3                   
 3745  55234   835   0.0000841  M3                   
 3833  55290   937   0.0002246  M3                   
 3673  55178   281   0.0001483  M3                   
 3783  55246     8   0.0003709  M3                   
 3683  55178   813   0.0000425  M3                   
 3774  55244   815   0.0000306  M3                   
 3843  55278   121   0.0002561  M3                   
 3677  55205   102   0.0000375  M3                   
 3751  55234    82   0.0003820  M3                   
 3661  55212   625  -0.0000403  M3                   
 3788  55246   359   0.0002210  M3                   
 3659  55181   759  -0.0000121  M3                   
 3651  55259   781  -0.0000278  M3                   
 3590  55201   288  -0.0000085  M4                   
 3589  55186   616   0.0000315  M4                   
 3769  55240   766  -0.0001010  M4                   
 3690  55182   613   0.0000814  M4                   
 3767  55214   387   0.0003323  M4                   
 3606  55182    26  -0.0000608  M4                   
 3779  55222   171   0.0000087  M4                   
 3744  55209   434  -0.0000758  M4                   
 3609  55201   994   0.0000867  M4                   
 3760  55268   315  -0.0001374  M4                   
 3667  55186   323  -0.0001159  M4                   
 3683  55245   283   0.0000179  M4                   
 3682  55244   410  -0.0004501  M4                   
 3766  55213    87   0.0000553  M4                   
 3590  55201   640  -0.0000395  M4                   
 3664  55245   108  -0.0000553  M4                   
 3854  55247    13  -0.0000940  M4                   
 3589  55186   468   0.0001121  M4                   
 3745  55234   336  -0.0001030  M4                   
 3659  55181   863   0.0001690  M4                   
 3735  55209   940   0.0000581  M5                   
 3735  55209   267  -0.0000284  M5                   
 3606  55182   540  -0.0000070  M5                   
 3656  55241   193  -0.0001020  M5                   
 3587  55182   528   0.0000351  M5                   
 3589  55186     2   0.0000400  M5                   
 3863  55280   248  -0.0001008  M5                   
 3590  55201    74   0.0000089  M5                   
 3744  55209   716  -0.0000661  M5                   
 3587  55182   170   0.0001255  M5                   
 3587  55182    86  -0.0000705  M5                   
 3735  55209   164   0.0000847  M5                   
 3735  55209   976   0.0000331  M5                   
 3588  55184   436   0.0000903  M5                   
 3870  55273   336   0.0001059  M5                   
 3639  55205   758   0.0000657  M5                   
 3735  55209   990   0.0000895  M5                   
 3589  55186   410   0.0000980  M5                   
 3615  55208   848   0.0000470  M5                   
 3833  55290   898   0.0002636  M5                   
 3793  55214   424  -0.0000259  M6                   
 3860  55269   722  -0.0001629  M6                   
 3651  55259   466   0.0000313  M6                   
 3860  55269   640   0.0000167  M6                   
 3854  55247   930  -0.0000509  M6                   
 3744  55209   379   0.0000133  M6                   
 3590  55201   358   0.0000850  M6                   
 3589  55186   561   0.0001084  M6                   
 3651  55259   332   0.0000677  M6                   
 3870  55273   124   0.0000238  M6                   
 3843  55278    17  -0.0001575  M6                   
 3870  55273   768  -0.0000101  M6                   
 3775  55207   496  -0.0000127  M6                   
 3858  55273   330  -0.0000537  M6                   
 3660  55209   952   0.0001963  M6                   
 3606  55182   943  -0.0001738  M6                   
 3651  55259   132  -0.0000647  M6                   
 3615  55179   418   0.0000384  M6                   
 3775  55207   646   0.0000601  M6                   
 3793  55214   992   0.0000877  M6                   
 3689  55180   874   0.0001399  M7                   
 3650  55244   475  -0.0000295  M7                   
 3664  55245   490  -0.0002868  M7                   
 3805  55269   654  -0.0000166  M7                   
 3862  55276   848  -0.0000031  M7                   
 3744  55209   724   0.0000186  M7                   
 3588  55184   178   0.0001522  M7                   
 3805  55269   865   0.0001084  M7                   
 3684  55246   694  -0.0000585  M7                   
 3870  55273   486   0.0001366  M7                   
 3863  55280   580  -0.0000068  M7                   
 3651  55259   558   0.0001473  M7                   
 3804  55267   990   0.0001996  M7                   
 3694  55209   752   0.0000768  M7                   
 3651  55259   442   0.0000551  M7                   
 3781  55243   538   0.0000883  M7                   
 3870  55273   544  -0.0000675  M7                   
 3793  55214   714   0.0000458  M7                   
 3615  55179   428   0.0000240  M7                   
 3587  55182   134   0.0001622  M7                   
 3647  55241   575   0.0001626  M8                   
 3694  55209   629   0.0002456  M8                   
 3857  55272   290  -0.0000639  M8                   
 3832  55289   372   0.0001099  M8                   
 3852  55243   554  -0.0000304  M8                   
 3780  55240   220  -0.0000482  M8                   
 3781  55243   124   0.0002657  M8                   
 3862  55276   986   0.0001496  M8                   
 3804  55267   328   0.0001527  M8                   
 3936  55302   440   0.0000244  M8                   
 3855  55268   212   0.0000823  M8                   
 3793  55214    40   0.0000841  M8                   
 3665  55247   984   0.0000480  M8                   
 3775  55207   970  -0.0000037  M8                   
 3859  55246   652   0.0000480  M8                   
 3858  55273   252   0.0000242  M8                   
 3788  55246   914   0.0000833  M8                   
 3673  55178   814   0.0001077  M8                   
 3858  55273   216   0.0000079  M8                   
 3870  55273   708   0.0000135  M8                   
 3655  55240   518  -0.0003092  O                    
 3655  55240   512  -0.0001850  O                    
 3665  55247   624   0.0000879  O                    
 3805  55269   380  -0.0001098  O                    
 3735  55209   829  -0.0000798  O                    
 3674  55182   974   0.0000210  O                    
 3769  55240   816   0.0005179  O                    
 3858  55273   856  -0.0002564  OB                   
 3853  55268   212  -0.0002425  OB                   
 3673  55178   102  -0.0001979  OB                   
 3869  55273   780   0.0001334  OB                   
 3663  55176   370   0.0000063  OB                   
 3833  55290   322   0.0000698  OB                   
 3767  55214     6   0.0001019  OB                   
 3658  55205   602  -0.0001487  OB                   
 3781  55243   856  -0.0000158  OB                   
 3862  55276   622  -0.0000677  OB                   
 3794  55241   156  -0.0000340  OB                   
 3639  55205   246   0.0000053  OB                   
 3870  55273   772   0.0001150  OB                   
 3804  55267   196   0.0003211  OB                   
 3779  55222   908   0.0004132  OB                   
 3782  55244   745   0.0001252  OB                   
 3663  55176   874   0.0000345  OB                   
 3782  55244   982   0.0001487  OB                   
 3775  55207   794  -0.0000140  OB                   
 3849  55274    64   0.0000784  OB                   
 3694  55209   630  -0.0002440  WD                   
 3853  55268   793  -0.0004059  WD                   
 3679  55209   311  -0.0001098  WD                   
 3782  55244    54   0.0000851  WD                   
 3790  55208   812   0.0001055  WD                   
 3657  55244   154   0.0005162  WD                   
 3854  55247   666  -0.0001509  WD                   
 3615  55208   810  -0.0001538  WD                   
 3745  55234   104   0.0001303  WD                   
 3658  55205   594   0.0000123  WD                   
 3752  55236   696  -0.0002229  WD                   
 3760  55268   446  -0.0001921  WD                   
 3805  55269   882  -0.0000763  WD                   
 3853  55268   496   0.0002610  WD                   
 3936  55302   689   0.0000325  WD                   
 3684  55246   420   0.0000116  WD                   
 3855  55268    20  -0.0002203  WD                   
 3770  55234   900  -0.0000562  WD                   
 3655  55240   898  -0.0002688  WD                   
 3783  55246   238  -0.0001506  WD                   
 3696  55277   194   0.0040370  WDmagnetic           
 3694  55209   954  -0.0010919  WDmagnetic           
 3852  55243   676  -0.0010623  WDmagnetic           
 3663  55176   802   0.0017269  WDmagnetic           
 3862  55276   750   0.0026647  WDmagnetic           
 3660  55209   322   0.0023477  WDmagnetic           
 3859  55246   860  -0.0004204  WDmagnetic           
 3767  55214   562  -0.0017315  WDmagnetic           
 3779  55222   424  -0.0000348  WDmagnetic           
