        3586       55181         154    0.0420945
        3657       55244         896    0.0483416
        3659       55181         768    0.0832433
        3658       55205         538     0.129583
        3656       55241         784     0.142721
        3775       55207         200     0.143926
        3588       55184         488     0.186315
        3651       55259         492     0.186787
        3684       55246         101     0.186970
        3859       55246         798     0.188737
        3685       55261         236     0.189951
        3697       55290         346     0.198218
        3772       55277         526     0.202154
        3674       55182         998     0.211167
        3656       55241         631     0.217916
        3589       55186         202     0.228215
        3615       55179         614     0.229505
        3606       55182         714     0.232403
        3588       55184         569     0.235185
        3651       55259         294     0.237453
        3736       55214         998     0.238758
        3852       55243         342     0.238852
        3859       55246         544     0.240239
        3681       55243         366     0.240400
        3687       55269         998     0.240568
        3589       55186         428     0.241570
        3639       55205         118     0.244655
        3615       55179         824     0.247087
        3744       55209         711     0.247224
        3735       55209         856     0.249325
        3590       55201         984     0.249455
        3651       55259         479     0.260416
        3736       55214         612     0.263715
        3615       55179         862     0.265973
        3851       55302         348     0.268550
        3606       55182         138     0.269485
        3590       55201         606     0.272319
        3639       55205         616     0.275344
        3736       55214         462     0.280164
        3615       55179         970     0.288982
        3609       55201         340     0.297638
# lo-z above this line,
# rest of the sample below this line
        3586       55181          98     0.716719
        3586       55181         520     0.397226
        3586       55181         714      3.32344
        3586       55181         816      3.36065
        3586       55181         940     0.330541
        3587       55182         132      3.43889
        3587       55182         258      4.03822
        3587       55182         292      3.20921
        3587       55182         356      2.69896
        3587       55182         372      1.38449
        3587       55182         460      3.81650
        3587       55182         588      1.63209
        3587       55182         820      1.15972
        3587       55182         990      2.35923
        3588       55184          36      2.39725
        3588       55184         148      3.25205
        3588       55184         540      4.76001
        3589       55186         452      3.66650
        3589       55186         493      2.73573
        3589       55186         586      2.43442
        3589       55186         694      3.33301
        3589       55186         788      1.15206
        3590       55201         168      4.29650
        3590       55201         202      3.11838
        3590       55201         220      3.44290
        3590       55201         222      4.15781
        3590       55201         338      4.17565
        3590       55201         360      2.86046
        3590       55201         362      2.71370
        3590       55201         674      2.06669
        3590       55201         773      2.68391
        3590       55201         956      2.93172
        3606       55182         157      4.04697
        3606       55182         276      4.20559
        3606       55182         578      4.45531
        3606       55182         676     0.793187
        3609       55201          36     0.772995
        3609       55201         302      4.17014
        3609       55201         390      3.62275
        3609       55201         468      3.25332
        3609       55201         536     0.698450
        3609       55201         709      2.36048
        3609       55201         780      2.25759
        3609       55201         908      3.84008
        3615       55179          64      1.32713
        3615       55179         482      3.94718
        3615       55179         906      2.65538
        3615       55208          14      3.40449
        3639       55205         212      1.01831
        3639       55205         550      2.88518
        3639       55205         604      2.63679
        3639       55205         647      3.27322
        3639       55205         728      1.99356
        3650       55244         572      3.43605
        3650       55244         736      3.61986
        3655       55240           4      1.98477
        3655       55240         258     0.589437
        3655       55240         273      2.24316
        3655       55240         438     0.769919
        3655       55240         472      2.99619
        3655       55240         686      2.23411
        3655       55240         878      1.59152
        3656       55241         140      4.29199
        3656       55241         430     0.253939
        3656       55241         826     0.373594
        3656       55241         872      1.58529
        3656       55241         892      3.11683
        3657       55244         312      1.55978
        3657       55244         347     0.526406
        3657       55244         638     0.661763
        3658       55205          14      2.55234
        3658       55205          46     0.706818
        3658       55205          64      3.98028
        3658       55205         115      3.34533
        3658       55205         232      1.72484
        3658       55205         294      3.66267
        3658       55205         528     0.196234
        3658       55205         840     0.386271
        3659       55181          12     0.798387
        3659       55181         272      2.14725
        3659       55181         314     0.739038
        3659       55181         398      1.78747
        3659       55181         790      2.25781
        3659       55181         938      3.00624
        3659       55181         962      4.13269
        3660       55209         331     0.267200
        3660       55209         364      2.78408
        3660       55209         594      1.49883
        3660       55209         618     0.904593
        3660       55209         632      4.99962
        3660       55209         734      2.25382
        3660       55209         822      4.37445
        3661       55212         170      1.56293
        3661       55212         284      1.76822
        3661       55212         511      2.69073
        3661       55212         786     0.613129
        3661       55212         798      1.82473
        3661       55212         882     0.572772
        3662       55182         244      3.21888
        3662       55182         486      3.60176
        3662       55182         570      4.04253
        3662       55182         836     0.952739
        3662       55182         948      1.76787
        3663       55176         396     0.371364
        3663       55176         692      3.28205
        3663       55176         856      1.29690
        3664       55245         580      1.64036
        3664       55245         598     0.903709
        3665       55247           8     0.434812
        3665       55247          92      3.24359
        3665       55247         136      4.37314
        3665       55247         554      2.32303
        3665       55247         582      1.29218
        3665       55247         788      2.84015
        3666       55185         820      3.68274
        3667       55186          54      1.30881
        3667       55186         478      3.17558
        3667       55186         758      2.70074
        3667       55186         800      2.17594
        3673       55178         150      3.09860
        3673       55178         306      4.15375
        3673       55178         352      2.19861
        3673       55178         560      4.27329
        3674       55182         102      1.72748
        3674       55182         196      3.30612
        3674       55182         700      2.33136
        3674       55182         846      1.73532
        3674       55182         954      1.37593
        3675       55183         130     0.439769
        3675       55183         164      4.08219
        3675       55183         178     0.364136
        3675       55183         240      3.64994
        3675       55183         346      1.56742
        3675       55183         360      2.10535
        3675       55183         478      1.69824
        3675       55183         532      1.85609
        3675       55183         538      1.60522
        3675       55183         576      3.44314
        3675       55183         742      1.35808
        3675       55183         876      1.92940
        3675       55183         998      1.95574
        3676       55186         102      1.02460
        3676       55186         228      1.47405
        3676       55186         284      4.17113
        3676       55186         596      4.43433
        3676       55186         816      2.30355
        3677       55205         778     0.854257
        3677       55205         978      2.68673
        3678       55208          82      2.98180
        3678       55208         158     0.456000
        3678       55208         368     0.729885
        3678       55208         448      3.16330
        3678       55208         476      3.13168
        3678       55208         512      2.59418
        3678       55208         536     0.872226
        3678       55208         640     0.896332
        3678       55208         722      1.30508
        3678       55208         858      2.23400
        3679       55209           4      2.64632
        3679       55209         112     0.501156
        3679       55209         368      2.49980
        3679       55209         636      2.63694
        3679       55209         696      1.59080
        3679       55209         726      1.94189
        3680       55210          88     0.379872
        3680       55210         210     0.470305
        3680       55210         242     0.511595
        3680       55210         336      3.73365
        3680       55210         366      5.10341
        3680       55210         528      1.76880
        3680       55210         876      3.90360
        3683       55178          36     0.909931
        3683       55178         360      1.84321
        3683       55178         436      1.39199
        3683       55178         508      3.25161
        3683       55178         826      3.84925
        3683       55178         832      2.42370
        3683       55245         876      3.81549
        3683       55245         880      1.08290
        3683       55245         896      2.65653
        3686       55268         464      1.40681
        3689       55180          62     0.349873
        3689       55180         148      1.16922
        3689       55180         198      2.96798
        3689       55180         334      3.77560
        3689       55180         832      1.44605
        3690       55182          52     0.744620
        3690       55182         578     0.877204
        3690       55182         670      2.89573
        3690       55182         776     0.305947
        3690       55182         838     0.349799
        3692       55186          12      1.05355
        3692       55186         100      3.64648
        3692       55186         136      1.51307
        3692       55186         254      3.23839
        3692       55186         674      1.12294
        3692       55186         852      1.80552
        3692       55186         934      2.46494
        3693       55208          48      1.33842
        3693       55208          70      1.91372
        3693       55208         136     0.878530
        3693       55208         140      1.41821
        3693       55208         222      3.48972
        3693       55208         234      1.31222
        3693       55208         236     0.741228
        3693       55208         424     0.870690
        3693       55208         792     0.475326
        3693       55208         802      1.35732
        3694       55209         362      3.47731
        3694       55209         486      2.17165
        3694       55209         548      1.51688
        3694       55209         654     0.666208
        3694       55209         716      1.55999
        3694       55209         808      2.50081
        3695       55212          34     0.564744
        3695       55212         102     0.887757
        3695       55212         367     0.945216
        3695       55212         444      2.15353
        3695       55212         520      1.63022
        3695       55212         596      1.37210
        3695       55212         608     0.819979
        3695       55212         816      1.02898
        3695       55212         902      3.98139
        3695       55212         918      1.23233
        3735       55209         519     0.746827
        3735       55209         532      4.16390
        3735       55209         763     0.848251
        3735       55209         776      3.68729
        3735       55209         834      4.43954
        3735       55209         968      2.16933
        3736       55214          14      3.00115
        3736       55214         302      3.99388
        3736       55214         444      2.96420
        3736       55214         454      1.08140
        3736       55214         556      3.00171
        3736       55214         938      2.87392
        3736       55214         940      2.77497
        3736       55214         976      2.96662
        3744       55209          88      2.50998
        3744       55209         318     0.548105
        3744       55209         402      2.18056
        3744       55209         576      3.52859
        3744       55209         732      3.50291
        3744       55209         952      2.71698
        3745       55234         281      2.18972
        3745       55234         429      3.53480
        3745       55234         576      3.81717
        3745       55234         624      3.11847
        3751       55234          96      2.09023
        3751       55234         302      4.02265
        3751       55234         332      3.80815
        3751       55234         358      2.19069
        3751       55234         392      2.42917
        3751       55234         447      1.56355
        3751       55234         514     0.579557
        3751       55234         676      2.74925
        3751       55234         756      3.90789
        3752       55236         112      4.22777
        3752       55236         428      4.23291
        3752       55236         558      2.65293
        3752       55236         764      2.41253
        3766       55213          72      1.16204
        3766       55213         275     0.472817
        3766       55213         572      1.05846
        3766       55213         864      2.85730
        3766       55213         878      4.54109
        3766       55213         990      3.69759
        3767       55214         224     0.631992
        3767       55214         244     0.580003
        3767       55214         300      1.94959
        3767       55214         380      1.00740
        3767       55214         548     0.391223
        3767       55214         592      3.60147
        3767       55214         634      2.13373
        3767       55214         648      2.10348
        3767       55214         672      3.62583
        3767       55214         694      3.68110
        3767       55214         772      2.15416
        3767       55214         776      2.14963
        3767       55214         782      1.89370
        3767       55214         806      1.22153
        3767       55214         888      1.84260
        3767       55214         902      3.42118
        3769       55240         148      2.43720
        3769       55240         392      3.70074
        3769       55240         396      2.27333
        3770       55234          24      2.21139
        3770       55234          46      1.98888
        3770       55234          48      1.03351
        3770       55234          86      1.00671
        3770       55234         128      2.96311
        3770       55234         380      2.49524
        3770       55234         542      2.59497
        3770       55234         751      3.73020
        3770       55234         996      3.42194
        3775       55207          54     0.915833
        3775       55207         216      1.62179
        3775       55207         222      1.74552
        3775       55207         342      3.94975
        3775       55207         434      1.16753
        3775       55207         438      1.22528
        3775       55207         486      3.01993
        3775       55207         584      2.63170
        3775       55207         690      3.41611
        3775       55207         826     0.724452
        3776       55209          12      1.34167
        3776       55209          42      3.55306
        3776       55209         102      1.83999
        3776       55209         120      2.98722
        3776       55209         194      3.91977
        3776       55209         212      1.66780
        3776       55209         226     0.829318
        3776       55209         366      2.69401
        3776       55209         406      1.65277
        3776       55209         437      3.33650
        3776       55209         464      1.48001
        3776       55209         538      2.92836
        3776       55209         576      2.70670
        3776       55209         738      2.91064
        3776       55209         768      4.40541
        3776       55209         834      2.46060
        3776       55209         932      1.96596
        3776       55209         946      3.59185
        3776       55209         958      2.45676
        3777       55210          16      1.34256
        3777       55210         214      4.02778
        3777       55210         258      3.86941
        3777       55210         310      1.01912
        3777       55210         332      2.28215
        3777       55210         340      1.16508
        3777       55210         364     0.838536
        3777       55210         628      2.80664
        3777       55210         663      3.64152
        3777       55210         679      2.52045
        3777       55210         839     0.892077
        3777       55210         849      2.18107
        3777       55210         996      3.89414
        3778       55213         125      1.06090
        3778       55213         146      1.85366
        3778       55213         164      2.25338
        3778       55213         178     0.563455
        3778       55213         314      3.40972
        3778       55213         428     0.596622
        3778       55213         430      3.22621
        3778       55213         496      3.90402
        3778       55213         504      3.54453
        3778       55213         650     0.398866
        3778       55213         674      3.57655
        3778       55213         796      3.80165
        3778       55213         818      1.35520
        3779       55222         250      3.06769
        3779       55222         282     0.732499
        3779       55222         358      3.65618
        3779       55222         426      1.54831
        3779       55222         660      3.44762
        3779       55222         722      2.50931
        3779       55222         930      4.12912
        3779       55222         950      3.30751
        3780       55240         234      2.90576
        3780       55240         482      2.18669
        3780       55240         514      2.21570
        3780       55240         654      2.54025
        3780       55240         806      4.75227
        3790       55208          40      2.49780
        3790       55208         396     0.562868
        3790       55208         410      3.36070
        3790       55208         471      3.09039
        3790       55208         663     0.831073
        3790       55208         792      1.98340
        3790       55208         846      3.24847
        3790       55208         870      3.15338
        3790       55208         924      1.63381
        3790       55208         992      2.30831
        3792       55212          16      4.26124
        3792       55212         396      1.71437
        3792       55212         570      1.68449
        3792       55212         738      2.83044
        3792       55212         814     0.769906
        3792       55212         874      3.10274
        3792       55212         926      1.67386
        3792       55212         942     0.250134
        3792       55212         964      2.14456
        3792       55212         972     0.584992
        3793       55214         330      3.98456
        3793       55214         418     0.387920
        3793       55214         540      1.49458
        3793       55214         652     0.904256
        3793       55214         708      1.47528
        3793       55214         798      2.20106
        3793       55214         928      1.97591
        3793       55214         959      3.19635
        3793       55214         982      3.02068
        3793       55214         997      4.03635
        3794       55241         238     0.532580
        3794       55241         376      3.00036
        3794       55241         582      4.29057
        3794       55241         634      1.31676
        3794       55241         806      4.13014
        3794       55241         834      3.05023
        3794       55241         932      3.86844
