# BOSS QSO PCA redshift training sample input file.
# Generated on 20 June 2011 by Adam S. Bolton, Univ. of Utah.
# Based on matching all BOSS spectra against the list of
# re-observed SDSS-1 redshifted quasars described at:
#   https://trac.sdss3.org/wiki/BOSS/obstemplates
# and verifying data quality of the input spectra.
#
# Used to generate spEigenQSO-55732.fits for inclusion in
# IDLSPEC2D redshift pipeline analysis, with the IDL command
#  pca_qso, inputfile=thisfile, wavemin=450., wavemax=10400., niter=10
#
# plate  mjd   fiberid   z
#-------------------------
 3588  55184   488   0.185900
 4234  55478   590   0.217200
 3588  55184   569   0.235100
 3736  55214   998   0.238600
 3589  55186   428   0.241900
 3639  55205   118   0.244500
 3609  55201   444   0.253000
 3606  55182   138   0.269200
 3609  55201   524   0.311700
 4200  55499   947   0.320100
 4230  55483   532   0.336200
 3590  55201   597   0.349900
 3606  55182   979   0.360500
 3609  55201   610   0.362400
 4234  55478   523   0.389400
 3606  55182    30   0.389900
 3587  55182   458   0.390100
 3639  55205   731   0.404500
 3590  55201   946   0.408500
 4218  55479   123   0.416400
 4236  55479   164   0.420200
 3606  55182   100   0.421800
 4219  55480   852   0.421900
 3736  55214    68   0.458400
 4208  55476   148   0.463100
 3606  55182   624   0.485100
 3745  55234   754   0.498100
 3615  55179   641   0.504200
 4216  55477   224   0.517800
 4227  55481   236   0.531500
 4197  55479   610   0.541700
 4204  55470   326   0.542200
 3590  55201    97   0.550600
 4212  55447     9   0.555500
 3590  55201   450   0.559000
 4227  55481   900   0.569900
 3615  55179   534   0.596100
 4231  55444   476   0.619700
 3744  55209   482   0.625200
 4296  55499   128   0.634100
 3615  55179   158   0.644300
 3587  55182   158   0.649900
 3589  55186   483   0.656100
 4225  55455   352   0.681900
 3615  55179   390   0.684600
 3589  55186   466   0.729500
 3639  55205   501   0.744800
 3606  55182   174   0.768500
 3615  55179   530   0.774200
 3606  55182   956   0.780100
 3588  55184   580   0.802000
 3650  55244   380   0.807000
 4203  55447   806   0.807800
 3606  55182   875   0.826200
 3590  55201   732   0.853000
 3650  55244   476   0.853200
 3615  55179   420   0.855500
 3615  55179   146   0.861300
 3588  55184   462   0.862200
 3650  55244   732   0.901800
 3639  55205   208   0.937000
 4216  55477   758   0.951200
 3745  55234   752   0.968500
 3606  55182   674   0.984700
 3589  55186   752   0.998000
 3639  55205   278   0.999900
 3589  55186   430   1.014100
 3615  55179   338   1.018700
 3736  55214   648   1.022200
 3639  55205   354   1.054700
 3615  55179   498   1.055200
 3587  55182    88   1.103800
 3588  55184   476   1.119900
 3745  55234   798   1.150300
 4229  55501   217   1.156800
 3615  55208   748   1.156800
 3615  55208    22   1.167200
 3606  55182   787   1.169700
 3745  55234   450   1.213000
 3735  55209   874   1.218500
 3615  55179   538   1.227600
 4220  55447   726   1.229600
 3615  55208   427   1.243400
 3736  55214   256   1.263800
 4192  55469   874   1.281800
 3735  55209   426   1.336900
 3745  55234   396   1.346200
 3587  55182   552   1.364000
 3744  55209    94   1.402400
 3639  55205   620   1.407300
 4234  55478   358   1.410300
 4296  55499   322   1.462200
 4235  55451   562   1.470400
 3589  55186   871   1.489600
 3587  55182   394   1.504300
 3744  55209   738   1.514000
 3590  55201   534   1.519600
 3639  55205   230   1.521500
 3606  55182    40   1.541300
 3590  55201   990   1.541700
 4227  55481   182   1.593000
 3587  55182   334   1.597600
 3588  55184   556   1.598300
 3615  55445   378   1.611100
 3609  55201   466   1.647400
 3609  55201   529   1.663800
 3744  55209   560   1.669800
 3606  55182    98   1.678800
 3609  55201   382   1.694100
 3606  55182   802   1.694300
 4212  55447   456   1.732700
 3736  55214   198   1.751000
 3589  55186   415   1.824000
 3736  55214   360   1.830500
 3736  55214   848   1.839500
 4200  55499   628   1.843100
 4194  55450   638   1.864900
 3590  55201   570   1.878600
 3588  55184   954   1.920200
 3590  55201   112   1.934700
 4206  55471    91   1.985000
 3650  55244   480   1.985400
 3587  55182   346   1.997400
 3589  55186   553   2.019000
 3647  55241    72   2.032600
 3745  55234   640   2.049700
 3615  55179   942   2.064600
 3609  55201   370   2.087300
 3745  55234   466   2.099700
 3639  55205     4   2.108600
 3589  55186   348   2.124400
 4223  55451   666   2.151700
 3615  55179   488   2.153900
 4235  55451   820   2.201600
 4196  55478   326   2.206500
 4198  55480    16   2.206900
 4216  55477   154   2.212400
 4224  55481   226   2.219000
 4196  55478   492   2.220300
 4195  55452   349   2.222000
 4215  55471   232   2.222300
 4220  55447   904   2.222500
 4210  55444   570   2.224600
 4228  55484   698   2.227600
 4203  55447   528   2.234900
 4224  55481   746   2.236100
 4235  55451   390   2.236200
 4232  55447   964   2.251900
 4213  55449   254   2.256300
 4211  55446   801   2.261100
 4201  55443   820   2.262400
 4205  55454   298   2.265500
 4213  55449   862   2.267600
 4234  55478   218   2.267900
 4228  55484    68   2.277800
 4234  55478   848   2.283300
 4230  55483   682   2.286300
 4207  55475   294   2.295500
 3615  55179   351   2.296400
 4197  55479   628   2.298600
 4218  55479   284   2.300200
 4211  55446   596   2.301300
 4220  55447   882   2.305100
 3650  55244   534   2.306600
 4217  55478   948   2.308600
 4221  55443   852   2.309900
 4212  55447   416   2.312700
 4218  55479   876   2.313100
 3588  55184   491   2.314300
 4222  55444   930   2.316700
 4201  55443   177   2.317000
 4236  55479   880   2.318000
 3590  55201   172   2.329500
 4224  55481   714   2.345200
 4232  55447   614   2.350700
# 4221  55443   478   2.351200 # missing data 7000-8000
 4232  55447   383   2.355200
 4206  55471   164   2.356600
 4223  55451   794   2.358500
 4234  55478   824   2.366600
 4225  55455   495   2.374400
 4239  55458   566   2.375200
 4220  55447   469   2.388000
 4240  55455   486   2.390000
 3609  55201   194   2.390000
 4236  55479   494   2.395100
 4201  55443   460   2.396300
 4195  55452   554   2.406000
 4220  55447   562   2.407100
 4224  55481   753   2.410500
 4232  55447   520   2.414700
 4219  55480   650   2.418300
 3615  55179   576   2.418900
 4195  55452   938   2.422200
 4231  55444   898   2.423400
 4219  55480   641   2.429500
 4218  55479   960   2.432900
 4227  55481   350   2.433500
 4195  55452   721   2.436100
 3615  55179   648   2.440500
 4213  55449   912   2.450400
 4237  55478   723   2.458100
 4200  55499   734   2.460000
 4202  55445   318   2.464000
 4229  55501   512   2.481400
 4194  55450   196   2.493500
 3615  55179   660   2.493600
 4215  55471   929   2.493800
 4199  55481   841   2.495800
 4225  55455   216   2.496400
 4215  55471   924   2.496700
 4214  55451   820   2.498100
 4217  55478   302   2.499300
 4233  55449   441   2.501500
 4210  55444   320   2.502700
 3587  55182   140   2.504300
 4228  55484   298   2.504700
 4224  55481   998   2.505100
 4200  55499   256   2.522400
 4200  55499   804   2.528100
 4196  55478   682   2.532700
 4213  55449   332   2.535200
 4206  55471   747   2.535300
 4230  55483   538   2.537900
 4230  55483   350   2.541700
 4197  55479   464   2.543800
 4195  55452   276   2.547400
 4193  55476   466   2.550500
 4217  55478   926   2.551400
 4230  55483   719   2.556300
 4220  55447   854   2.561300
 3606  55182   901   2.561800
 4216  55477   550   2.562500
 4236  55479   906   2.563100
 4237  55478   798   2.563100
 4228  55484   702   2.572700
 4193  55476   482   2.580700
 4235  55451   792   2.581900
 4237  55478   806   2.591100
 4235  55451   738   2.594500
 4208  55476   998   2.595200
 3650  55244   399   2.605500
 4213  55449   569   2.606300
 4218  55479   696   2.616500
 4234  55478   417   2.616900
 4200  55499   314   2.617300
 4208  55476   449   2.620900
 4193  55476   789   2.639100
 4218  55479   192   2.640600
 4212  55447   638   2.641200
 4237  55478   280   2.645200
 4196  55478   454   2.646100
 4194  55450   998   2.646700
 4224  55481     9   2.648600
 4205  55454   166   2.652100
 4210  55444   548   2.652800
 4215  55471   512   2.653600
 3615  55445   964   2.658900
 4193  55476   972   2.667400
 3588  55184   450   2.670700
 3588  55184   511   2.670900
 4213  55449   348   2.678100
 4199  55481   728   2.678500
 4232  55447   764   2.682700
 4220  55447   742   2.686700
 4235  55451   116   2.688000
 4213  55449   776   2.697500
 4200  55499   590   2.698400
 4236  55479   506   2.702200
 3588  55184   726   2.711400
 4224  55481    66   2.711800
 4198  55480    82   2.717000
 4218  55479   202   2.717100
 4212  55447   580   2.733200
 4197  55479   774   2.735500
 4221  55443   507   2.736400
 4232  55447   498   2.736700
 4205  55454   164   2.738000
 4196  55478   618   2.741300
 4215  55471   350   2.743800
 4220  55447   966   2.746400
 4233  55449   852   2.749200
 4216  55477   424   2.752700
 4231  55444   154   2.755800
 4233  55449   416   2.756000
 4229  55501   352   2.756500
 4225  55455   438   2.759300
 4239  55458   443   2.772300
 4213  55449   918   2.776400
 4211  55446   388   2.779400
 3587  55182   310   2.784200
 3615  55179   666   2.786600
 3609  55201   796   2.789200
 4234  55478   560   2.791600
 3590  55201   469   2.797900
 4234  55478   308   2.800100
 4235  55451   996   2.801800
 4194  55450   386   2.802300
 4204  55470   162   2.811800
 3590  55201   718   2.814100
 3588  55184   486   2.818300
 4224  55481   398   2.819400
 3606  55182   872   2.823400
 4235  55451   308   2.823800
 4198  55480   570   2.843700
 4227  55481   676   2.845600
 4223  55451   968   2.849500
 4224  55481   682   2.850000
 4236  55479   488   2.850100
 4218  55479   818   2.851500
 4212  55447   644   2.851600
 4221  55443   247   2.853800
 4214  55451   722   2.860900
 4223  55451   724   2.878500
 4237  55478   238   2.879200
 4221  55443   692   2.882300
 4217  55478   180   2.889200
 4196  55478   578   2.891400
 4234  55478   872   2.892200
 4228  55484   436   2.892800
 4229  55501   117   2.894000
 4200  55499    47   2.903300
 4196  55478   142   2.904700
 4220  55447   166   2.905600
 3588  55184   512   2.906900
 4199  55481   836   2.911400
 4200  55499   576   2.911700
 4200  55499   510   2.917600
 4219  55480    14   2.924100
 4218  55479   938   2.927800
 4195  55452   534   2.932600
 4215  55471   137   2.936800
 4213  55449   958   2.946800
 4204  55470    40   2.948300
 3615  55179   476   2.953600
 4194  55450   582   2.958900
 3615  55208   626   2.969200
 4208  55476   424   2.969900
 4226  55475   866   2.971700
 4226  55475   826   2.972500
 4208  55476   330   2.972800
 4194  55450   198   2.977000
 4232  55447   850   2.979500
 4231  55444   964   2.986900
 4209  55478   338   2.989000
 4208  55476   942   2.992900
 3609  55201   940   3.007700
 3639  55205   464   3.008800
 4207  55475   610   3.010900
 4216  55477   410   3.011500
 4193  55476   963   3.017300
 4203  55447   134   3.017800
 4236  55479   934   3.020900
 4214  55451    52   3.023600
 4203  55447   879   3.025300
 4198  55480   678   3.032500
 4219  55480   543   3.038400
 4207  55475   300   3.042500
 4226  55475   686   3.043100
 4223  55451   659   3.045600
 4213  55449   724   3.051500
 3606  55182   380   3.055700
 4208  55476   901   3.055900
 4216  55477   856   3.057000
# 4223  55451   508   3.062800 # Missing data 4000-5000
 4218  55479   888   3.066100
 4213  55449   182   3.066300
 4212  55447   586   3.066400
 4237  55478   844   3.072600
 3651  55247   482   3.075200
 4218  55479   757   3.078000
 4206  55471   398   3.086100
 4214  55451   434   3.096900
 4234  55478   582   3.099800
 4218  55479   582   3.106400
 3745  55234   624   3.110000
 4219  55480   293   3.111900
 4207  55475   642   3.114800
 4211  55446   680   3.121200
 4200  55499   528   3.122900
 4205  55454   926   3.126300
 4224  55481   785   3.131300
 4198  55480   852   3.134000
 4201  55443   418   3.140000
 4201  55443   724   3.144600
 4206  55471   380   3.144700
 4218  55479   327   3.145400
 4215  55471   982   3.147700
 4217  55478    96   3.152000
 4218  55479   228   3.154800
 3606  55182    33   3.159000
 4199  55481   978   3.161000
 3647  55476   484   3.164400
 3615  55179   252   3.165000
 4232  55447   376   3.172000
 4215  55471   223   3.172500
 4207  55475   173   3.177900
 4229  55501   994   3.182700
 4214  55451   670   3.190400
 4203  55447   747   3.193700
 4235  55451   942   3.194900
 3589  55186   260   3.204700
 4214  55451   405   3.207700
 4210  55444   331   3.207700
 4228  55484     4   3.210000
 4231  55444   466   3.211100
 4218  55479   680   3.221000
 3587  55182   734   3.225700
 4210  55444   594   3.225900
 4237  55478   272   3.229000
 4221  55443   556   3.231500
 4223  55451   616   3.233700
 4213  55449    82   3.236700
 4194  55450   940   3.244900
 3609  55201   462   3.245600
 4216  55477   474   3.252000
 4200  55499   332   3.260200
 4212  55447   336   3.260200
 4227  55481   648   3.265000
 3606  55182   272   3.267000
 4204  55470   528   3.267700
 4205  55454   354   3.269400
 4234  55478   614   3.275000
 3736  55214   291   3.277000
 4234  55478   392   3.280700
 4233  55449    71   3.284800
 4221  55443   780   3.288400
 4193  55476   974   3.297500
 4207  55475   984   3.301800
 4232  55447   774   3.303500
 4207  55475   604   3.305300
 3587  55182   890   3.306900
 4206  55471   620   3.311400
 4193  55476    52   3.315300
 4215  55471   838   3.318700
 4211  55446   518   3.339700
 4201  55443   234   3.341000
 4192  55469   184   3.344400
 4218  55479   972   3.347400
 3606  55182   458   3.347900
 4209  55478   958   3.353800
 4239  55458   876   3.360200
 4206  55471   822   3.360600
 4226  55475   230   3.373000
 4206  55471   865   3.375300
 4205  55454   448   3.376500
 4224  55481   299   3.380400
 4199  55481   346   3.380700
 4215  55471   176   3.391300
 4211  55446   756   3.392300
 4216  55477   452   3.392600
 3615  55208    14   3.401000
 4234  55478     6   3.401200
 4224  55481   732   3.412700
 3587  55182   132   3.429900
 4215  55471   356   3.433500
 3590  55201   220   3.443000
 3650  55244   572   3.444700
 4203  55447   986   3.466800
 4222  55444   242   3.470400
 4214  55451   306   3.489400
 4204  55470   696   3.489800
 3615  55445   898   3.491300
 4220  55447   200   3.496500
 4234  55478   814   3.499300
 4220  55447   276   3.504100
 4230  55483   662   3.509300
 4219  55480   227   3.511100
 4211  55446   538   3.525700
 3615  55445     2   3.526600
 4214  55451    34   3.528700
 4238  55455   737   3.529900
 4215  55471   268   3.530200
 4201  55443   730   3.534800
 4233  55449   178   3.564400
 4216  55477   217   3.577900
 4237  55478   842   3.578300
 4208  55476   288   3.584000
 4193  55476   336   3.585200
 4211  55446   426   3.587600
 4227  55481   364   3.590300
 4218  55479   334   3.603000
# 3650  55244   492   3.613400 # Weird negative glitch around 4000
 4233  55449   860   3.613800
 4230  55483   320   3.616900
 3650  55244   736   3.623800
 4234  55478   228   3.624400
 3615  55179   436   3.627300
 3590  55201   434   3.632300
 4224  55481   215   3.634600
 4196  55478   594   3.638400
 4218  55479   124   3.644700
 4237  55478   207   3.649100
 4213  55449   214   3.650200
 4208  55476   748   3.655700
 4211  55446   354   3.658000
 4207  55475   516   3.664500
 4198  55480   394   3.666200
 4211  55446   778   3.669300
 4195  55452   256   3.678600
 4208  55476   578   3.685400
 4218  55479   852   3.686600
 4193  55476   406   3.699100
 3606  55182   640   3.703200
 4226  55475   776   3.708100
 4207  55475   558   3.714300
 4224  55481   236   3.725600
 4240  55455   434   3.740000
 4229  55501   238   3.744600
 4228  55484   562   3.745600
 4216  55477   742   3.759200
 4199  55481   847   3.768500
 4206  55471   976   3.771300
 4197  55479   732   3.776800
 4236  55479    82   3.784700
 4207  55475   822   3.788200
 4209  55478   272   3.790600
 4203  55447   438   3.800800
 3745  55234   285   3.806800
 4213  55449   215   3.817600
 4202  55445   176   3.822500
 3615  55445    80   3.824600
 4229  55501   552   3.834100
 4235  55451   670   3.845800
 4203  55447   590   3.874700
 4214  55451    86   3.874900
 4213  55449    60   3.875800
 4216  55477   778   3.880600
 4210  55444   900   3.881600
 4204  55470   560   3.892200
 4234  55478   124   3.937000
 3615  55179   482   3.940800
 4214  55451   510   3.953600
 4219  55480   938   3.960000
 4208  55476   114   3.974800
 4206  55471   449   3.989300
 4199  55481    84   3.993000
 4229  55501   454   4.026700
 4194  55450   770   4.034900
 3587  55182   258   4.039500
 4192  55469   114   4.072100
 4229  55501   337   4.082800
 4207  55475   583   4.087300
 4227  55481    16   4.101100
 4198  55480   306   4.115000
 4213  55449   710   4.116900
 4199  55481   420   4.119800
 4195  55452   545   4.127100
 4225  55455   878   4.137600
 4235  55451   498   4.146300
 3735  55209   532   4.154400
 3590  55201   338   4.156700
 4229  55501   912   4.174700
 3606  55182   276   4.193600
 4193  55476   636   4.302800
 4219  55480   333   4.327500
 3590  55201   168   4.331700
 4215  55471   919   4.362300
 4194  55450   508   4.386500
 3735  55209   834   4.449200
 4212  55447    90   4.492800
 4203  55447   522   4.660900
 4201  55443   438   4.674000
 4201  55443   813   4.688600
 4235  55451   152   4.733100
 3588  55184   540   4.772700
 4217  55478   800   4.783400
 4198  55480   802   4.789500
 4202  55445   316   4.886400
 4200  55499   260   4.953300
 4224  55481   248   5.087900
