PLATE   MJD FIBERID             Z       COMMENT
----- ----- ------- ------------- -------------
  269 51910     189      2.731500     S/N=11.24
  269 51910     386      2.165700     S/N=18.00
  269 51910     467      3.037500     S/N=13.48
  270 51909     231      1.243500     S/N=26.72
  270 51909     254      3.139300     S/N= 7.73
  270 51909     537     0.1780000     S/N=41.46
  272 51941      88      2.555000     S/N=16.69
  272 51941     175      1.498200     S/N=29.85
  272 51941     268      2.598600     S/N=22.47
  272 51941     373      1.613900     S/N=22.88
  273 51957      37      3.683700     S/N= 5.50
  273 51957      86      1.262700     S/N=29.41
  273 51957     109      4.396900     S/N= 1.11
  273 51957     291      2.850000     S/N=16.66
  273 51957     299      3.744800     S/N= 3.53
  274 51913      60     0.4974000     S/N=24.56
  274 51913     102      2.957400     S/N=17.41
  274 51913     106      1.972200     S/N=28.35
  274 51913     172      4.310000     S/N= 6.01
  274 51913     179      2.068000     S/N=28.55
  274 51913     334      1.528700     S/N=37.53
  274 51913     357      1.733200     S/N=28.52
  274 51913     390      3.750000     S/N= 6.03
  274 51913     602      1.401600     S/N=20.72
  275 51910     202     0.9711000     S/N=32.59
  275 51910     257      2.314700     S/N=13.16
  275 51910       6      2.115400     S/N=24.55
  275 51910      51      1.740600     S/N=21.75
  275 51910     538      3.718600     S/N= 3.93
  275 51910     544      1.400500     S/N=21.16
  276 51909      38     0.1877000     S/N=29.32
  276 51909      68      1.437000     S/N=22.31
  276 51909     107      3.600000     S/N= 7.51
  276 51909     110      1.021100     S/N=24.95
  276 51909     172      4.297900     S/N= 3.64
  276 51909     177      4.150000     S/N= 3.45
  276 51909     191      2.258400     S/N=21.32
  276 51909     251     0.3591000     S/N=59.11
  276 51909     313      4.010000     S/N= 7.44
  276 51909     472     0.9135000     S/N=29.19
  276 51909     485      2.601000     S/N=13.16
  276 51909     529      3.655000     S/N=12.64
  276 51909     549      4.030000     S/N= 4.15
  277 51908     212     0.3776000     S/N=26.33
  277 51908     341      2.817900     S/N=12.24
  277 51908     363      4.080000     S/N= 2.11
  277 51908     592      1.006400     S/N=23.22
  278 51900      65      1.116300     S/N=32.58
  278 51900     123      1.795700 S/N=22.77 BAL
  278 51900     188      2.281600     S/N=13.92
  278 51900     203      4.031900     S/N= 3.90
  278 51900     208      3.395100     S/N=10.19
  278 51900     215      4.580000     S/N= 1.86
  278 51900     232      1.172100     S/N=31.80
  278 51900     241      1.004400     S/N=51.97
  278 51900     251      2.450000 S/N=13.95 BAL
  278 51900     271      1.739900     S/N=21.22
  278 51900     378      1.392400     S/N=42.99
  278 51900     384      1.878200     S/N=18.32
  278 51900     435      4.400000 S/N= 1.16 BAL
  278 51900     527    0.09500000     S/N=58.11
  278 51900     584      4.043500     S/N= 2.82
  278 51900     619      1.682200 S/N=27.06 BAL
  283 51959     276     0.5043000     S/N=26.74
  283 51959     315      3.590000 S/N= 3.51 BAL
  283 51959     350     0.4718000     S/N=25.77
  283 51959     427     0.6409000     S/N=23.35
  283 51959     447      1.271500     S/N=28.09
  284 51943     273      1.976500     S/N=38.14
  284 51943     412      1.880800     S/N=22.25
  284 51943     450      1.635600     S/N=28.03
  284 51943     466     0.7826000     S/N=29.79
  284 51943     516      1.604100 S/N=21.49 BAL
  284 51943     501     0.7291000     S/N=31.21
  285 51930      14      3.586700     S/N= 6.70
  285 51930     114      1.986700     S/N=25.94
  285 51930     378      1.850400     S/N=18.69
  285 51930     520     0.9485000     S/N=26.16
  285 51930     540      1.988700 S/N=29.98 BAL
  285 51930     616      1.524400     S/N=24.36
  285 51930     613      3.875200     S/N= 3.57
  286 51999     126      2.984300     S/N=10.59
  286 51999     183      5.109300     S/N= 0.80
  286 51999     341      1.172300     S/N=21.44
  286 51999     585      2.719300     S/N= 9.33
  286 51999     598      2.707900 S/N= 9.68 BAL
  287 52023      58      3.886100     S/N= 2.53
  287 52023     377      1.199400     S/N=31.68
  288 52000     131      1.576900     S/N=37.82
  288 52000     188      2.295600     S/N=24.99
  288 52000     266      2.705400 S/N=27.82 BAL
  288 52000     481      2.627300     S/N=11.77
  288 52000     516      2.044100     S/N=31.22
  288 52000     575      1.523500     S/N=22.12
  289 51990      88      2.653700     S/N=16.00
  289 51990     178      2.976000     S/N=12.02
  289 51990     206     0.9207000     S/N=26.98
  289 51990     216      2.611200 S/N=15.64 BAL
  289 51990     417      4.274300     S/N= 3.49
  289 51990     475      4.175500     S/N= 3.73
  290 51941     257      3.800300     S/N= 2.28
  290 51941     269     0.4712000     S/N=23.83
  290 51941     308      2.554500     S/N=15.29
  290 51941     322      2.886200     S/N=11.35
  290 51941     436      4.700000     S/N= 0.78
  290 51941     523      3.279300     S/N= 9.37
  290 51941     566      3.150000     S/N= 8.46
  291 51928      88      2.397000     S/N=12.45
  291 51928     144      1.042400     S/N=22.84
  291 51928     149      2.074900     S/N=26.40
  291 51928     252      3.900000     S/N= 1.84
  291 51928     289     0.8192000     S/N=20.47
  291 51928     358      1.358300     S/N=30.30
  291 51928     381      1.214800     S/N=34.92
  291 51928     444     0.7883000     S/N=26.11
  291 51928     457    0.08980000     S/N=30.59
  291 51928     612      2.808500 S/N=16.79 BAL
  293 51689      21      1.723700     S/N=21.56
  293 51689      79      1.774200 S/N=24.90 BAL
  293 51689     104      3.626800     S/N= 5.27
  293 51689     128      4.130600     S/N= 7.92
  293 51689     323      2.381000     S/N=12.19
  293 51689     352      3.549900     S/N= 2.96
  293 51689     409      1.515700     S/N=24.58
  293 51689     411      1.806800     S/N=20.31
  293 51689     475     0.8330000     S/N=25.87
  293 51689     477      1.260500     S/N=33.14
  293 51689     479     0.5124000     S/N=24.01
  294 51986     184      3.055100     S/N=10.41
  294 51986     264      3.035500     S/N=11.75
  294 51986     390      3.654800 S/N= 5.51 BAL
  294 51986     528     0.2754000     S/N=29.18
  294 51986     531     0.7618000     S/N=29.52
  294 51986     537      2.465000     S/N=15.28
  294 51986     592      1.313700     S/N=26.94
  295 51985     300      4.154600     S/N= 5.83
  295 51985     329      2.809400     S/N=11.27
  295 51985     636      2.405000     S/N=16.13
  295 51985     292      4.150200     S/N=10.14
  295 51985     410      2.066700     S/N=27.94
  296 51665     185     0.8903000     S/N=24.13
  296 51665     490      4.720000     S/N= 0.64
  297 51959     164      3.302200     S/N= 2.58
  297 51959     322      2.150900     S/N=17.64
  297 51959     345      1.618200     S/N=21.76
  297 51959     520      2.524200     S/N=15.27
  297 51959     527     0.8685000     S/N=21.23
  300 51666      58      4.047800     S/N= 1.54
  300 51666     414      3.817500     S/N= 4.41
  300 51666     543      3.704900     S/N= 3.50
  300 51666      22      2.426800     S/N=17.31
  300 51666      75      1.443500     S/N=36.18
  300 51666      97      4.422900     S/N= 1.60
  300 51666     135     0.5992000     S/N=42.28
  300 51666     140     0.5160000     S/N=22.87
  300 51666     461      3.608000 S/N= 4.96 BAL
  300 51666     472      4.284800     S/N= 6.07
  300 51666     572      1.085100     S/N=29.79
  301 51942      39      2.463800     S/N=24.01
  301 51942     121      1.774500     S/N=24.09
  301 51942     158      1.555900     S/N=26.51
  301 51942     142     0.1631000     S/N=28.54
  301 51942     267      2.331700 S/N=14.92 BAL
  301 51942     304      4.433900     S/N= 1.23
  301 51942     369      1.215100     S/N=30.31
  301 51942     385      2.495400     S/N=20.91
  301 51942     408      2.010500     S/N=20.25
  301 51942     460      3.900400     S/N= 5.33
  301 51942     457     0.2438000     S/N=26.89
  301 51942     575     0.6669000     S/N=36.97
  301 51942     592      2.407400     S/N=16.19
  304 51609     637      3.673500     S/N= 5.42
  309 51994      43      2.228000     S/N=24.17
  309 51994     116     0.1328000     S/N=29.39
  309 51994     250      1.813000     S/N=26.73
  309 51994     360      1.655500     S/N=23.06
  309 51994     423      2.540400     S/N=15.95
  309 51994     466      2.648200     S/N=11.88
  309 51994     509     0.6009000     S/N=31.93
  309 51994     592      2.748700     S/N=10.17
  310 51990     129     0.8590000     S/N=22.12
  310 51990     424      1.007800     S/N=26.89
  310 51990     541      3.352200     S/N=10.00
  310 51990      39    0.05440000     S/N=34.74
  310 51990     350      3.016600     S/N=12.23
  352 51694     210      3.664900     S/N= 3.21
  352 51694     311      2.381100 S/N=17.90 BAL
  352 51694     638     0.2174000     S/N=29.42
  354 51792      89      1.128500     S/N=25.34
  354 51792     142     0.9245000     S/N=26.04
  354 51792     280      4.427000     S/N= 1.01
  358 51818      69      3.141500     S/N= 6.48
  358 51818     193      3.740500     S/N= 2.70
  358 51818     335      2.814700 S/N=16.00 BAL
  358 51818     420      2.806800     S/N=20.58
  358 51818     534      2.124100     S/N=19.02
  358 51818     605      3.222400     S/N= 8.36
  359 51821     189      2.557400     S/N=24.20
  359 51821     207      1.814800     S/N=27.75
  359 51821     218     0.6563000     S/N=21.14
  359 51821     525      1.981800     S/N=22.42
  359 51821     639      3.424800     S/N=27.96
  362 51999      23      2.938400     S/N=12.09
  362 51999      90      1.175000     S/N=30.35
  362 51999     195      2.623500     S/N=11.94
  362 51999     215     0.9544000     S/N=24.75
  362 51999     225      3.424900     S/N=31.25
  362 51999     380      1.071400     S/N=24.04
  366 52017      36      4.880000     S/N= 1.07
  366 52017      91      1.341600     S/N=26.17
  366 52017     545      3.232000     S/N= 5.62
  366 52017     584     0.4911000     S/N=25.88
  367 51997      14      1.981000     S/N=30.16
  367 51997     184      2.098800 S/N=24.35 BAL
  367 51997     188     0.9089000     S/N=35.46
  367 51997     197     0.2728000     S/N=32.30
  367 51997     229      4.596400     S/N= 1.98
  367 51997     248     0.9379000     S/N=22.17
  367 51997     275      2.932600 S/N= 7.14 BAL
  367 51997     277     0.3228000     S/N=27.39
  367 51997     295     0.2503000     S/N=24.86
  367 51997     306     0.8547000     S/N=34.40
  367 51997     349      4.210000     S/N= 1.88
  367 51997     436      3.870000 S/N= 3.00 BAL
  367 51997     472     0.3595000     S/N=57.53
  367 51997     484     0.8258000     S/N=43.35
  367 51997     600     0.9468000     S/N=29.28
  383 51818     257     0.1503000     S/N=31.67
  383 51818     592      3.678400     S/N= 3.68
  384 51821     334      2.639100     S/N=11.87
  384 51821     384      1.486200     S/N=23.54
  384 51821     558      1.122300     S/N=22.95
  384 51821     595      1.095200     S/N=26.54
  385 51877       6     0.7894000     S/N=44.19
  385 51877      30      3.498100     S/N=21.72
  385 51877      51      3.206800     S/N=10.57
  385 51877      61     0.5027000     S/N=33.70
  385 51877     112      1.370000     S/N=24.33
  385 51877     131     0.3192000     S/N=29.98
  385 51877     139     0.5243000     S/N=31.23
  385 51877     204      2.085300     S/N=34.38
  385 51877     215      3.643800     S/N= 5.17
  385 51877     257      2.256700     S/N=15.83
  385 51877     275     0.4826000     S/N=32.69
  385 51877     435      3.050200     S/N=15.74
  385 51877     454      2.781300 S/N= 8.93 BAL
  385 51877     492      3.956800     S/N= 2.94
  385 51877     587      1.237500     S/N=48.78
  387 51791     200     0.4790000     S/N=21.93
  387 51791     315      2.940000 S/N= 9.91 BAL
  387 51791     383      4.355000     S/N= 1.78
  387 51791     472      2.031300     S/N=20.17
  387 51791     556      3.070500     S/N=12.40
  388 51793     114      3.155800     S/N=10.53
  388 51793     430     0.8855000     S/N=26.23
  388 51793     487     0.2631000     S/N=26.05
  389 51795     178      2.089600     S/N=24.42
  389 51795     196      1.700900     S/N=21.61
  389 51795     339      2.305800 S/N=12.63 BAL
  389 51795     409     0.3626000     S/N=28.90
  389 51795     479      1.550400     S/N=26.72
  390 51900     178      2.162000     S/N=20.74
  390 51900     180      2.490000     S/N=16.70
  390 51900     271      4.320000     S/N= 3.07
  390 51900     365      2.312100     S/N=15.77
  390 51900     376      1.136000     S/N=25.93
  390 51900     443      1.829000     S/N=19.68
  390 51900     479      1.110800     S/N=23.37
  390 51900     537      1.244800     S/N=34.69
  390 51900     559      2.408700     S/N=16.88
  390 51900     567     0.7279000     S/N=27.34
  390 51900     587     0.4004000     S/N=61.21
  392 51793     252      1.292100     S/N=31.07
  392 51793     259     0.9372000     S/N=24.05
  392 51793     392      1.627200     S/N=27.42
  392 51793     440      2.671100     S/N=20.92
  392 51793     464      3.234900     S/N= 8.34
  393 51794     181      2.806000     S/N=13.60
  393 51794     572      2.152100 S/N=19.36 BAL
  393 51794     588      2.878600     S/N=11.41
  394 51876     167      1.402300     S/N=20.01
  394 51876     209      1.880600     S/N=27.20
  394 51876     208      1.571900     S/N=27.01
  394 51876     256      4.340000     S/N= 2.53
  394 51876     288      2.524900     S/N=19.93
  394 51876     336      2.328600     S/N=20.31
  394 51876     399      1.945100     S/N=23.94
  394 51876     403      2.236100     S/N=30.13
  394 51876     475      1.955200     S/N=29.37
  394 51876     502     0.6462000     S/N=27.84
  394 51876     514      2.520400     S/N=18.64
  394 51876     533      2.272200     S/N=31.52
  396 51816     139      1.589900     S/N=21.72
  396 51816     276     0.2942000     S/N=41.33
  396 51816     359     0.7777000     S/N=25.70
  396 51816     454      4.448000     S/N= 5.34
  397 51794      38    0.04560000     S/N=37.21
  397 51794     267      1.373000     S/N=26.23
  397 51794     296      1.673100 S/N=21.84 BAL
  397 51794     382      3.715500     S/N= 4.31
  397 51794     512     0.2385000     S/N=28.83
  397 51794     514      1.686900     S/N=23.02
  398 51789      10    0.05440000     S/N=39.13
  398 51789     211      2.190000     S/N=18.41
  398 51789     261    0.03380000     S/N=34.42
  398 51789     455      2.655900     S/N=12.30
  398 51789     548     0.6133000     S/N=22.99
  398 51789     637      4.085100     S/N= 2.59
  399 51817      72      2.074300 S/N=20.62 BAL
  399 51817     142      2.278400     S/N=16.39
  399 51817     150      1.076600     S/N=37.67
  399 51817     245      3.000000     S/N=22.69
  399 51817     375      3.839900     S/N=14.23
  400 51820     137      1.753500     S/N=20.91
  400 51820     276      1.328500     S/N=32.40
  400 51820     390     0.6554000     S/N=25.54
  400 51820     484      3.182900     S/N=10.73
  400 51820     512     0.3989000     S/N=32.98
  400 51820     631      2.748900     S/N=10.09
  402 51793     109      1.996300     S/N=22.55
  402 51793     234      2.167700     S/N=21.78
  402 51793     260      1.071000     S/N=26.77
  402 51793     418    0.08480000     S/N=31.28
  402 51793     429      3.300000     S/N= 1.63
  402 51793     438      1.707100     S/N=23.70
  402 51793     479     0.5523000     S/N=42.10
  402 51793     484      2.979400     S/N= 9.74
  402 51793     505      3.703300 S/N=11.08 BAL
  402 51793     587     0.5889000     S/N=24.21
  402 51793     634     0.8371000     S/N=24.87
  403 51871     108      3.291900     S/N=11.35
  403 51871     152      3.290800     S/N=10.55
  403 51871     203      3.562000     S/N=15.03
  403 51871     308      4.189000     S/N= 4.03
  403 51871     529     0.2175000     S/N=24.71
  403 51871     550     0.1626000     S/N=45.09
  404 51812     141    0.04180000     S/N=50.14
  404 51812     639      1.890900     S/N=34.09
  405 51816      95      1.493200     S/N=22.41
  405 51816     263      4.750000     S/N= 1.38
  405 51816     314      2.855300     S/N=30.16
  405 51816     458     0.1821000     S/N=28.14
  405 51816     604      2.789000     S/N= 8.11
  406 51817     576      2.970400     S/N=13.33
  406 51817      35      2.715700     S/N=17.80
  406 51817     101      3.610000     S/N= 6.41
  406 51817     194      2.647900     S/N=12.45
  406 51817     215      1.538800     S/N=27.37
  407 51820     105      2.500600     S/N=16.21
  407 51820     220      3.172900     S/N= 6.54
  407 51820     304      2.357200     S/N=11.86
  407 51820     409      1.459000     S/N=23.06
  407 51820     524      1.263000     S/N=36.27
  407 51820     600      2.523300     S/N=26.35
  408 51821     134      3.081400     S/N=10.76
  408 51821     179      3.730000     S/N= 3.60
  408 51821     449      1.309600     S/N=22.84
  408 51821     611     0.5692000     S/N=40.47
  409 51871      71      3.456800     S/N= 3.04
  409 51871     167      2.114600     S/N=17.59
  409 51871     213     0.4681000     S/N=34.32
  409 51871     282      3.980000     S/N= 7.70
  409 51871     412      3.007400     S/N=12.79
  409 51871     599     0.8097000     S/N=29.91
  410 51816     142      2.247900     S/N=26.48
  410 51816     212      2.970300     S/N= 7.24
  410 51816     383      4.180000 S/N= 1.48 BAL
  410 51816     466      3.970000     S/N= 6.25
  410 51816     523     0.1766000     S/N=27.04
  411 51817     153      3.292500     S/N=25.71
  411 51817     176      3.230400     S/N=23.84
  411 51817     306      1.998400     S/N=29.96
  411 51817     381     0.5342000     S/N=39.52
  411 51817     399      4.196600     S/N= 1.95
  411 51817     398      3.368800     S/N=19.86
  411 51817     495      1.650000     S/N=23.95
  411 51817     519     0.6386000     S/N=40.26
  411 51817     513    0.04450000     S/N=31.57
  412 51931     133    0.08020000     S/N=52.66
  412 51931     132      2.109000     S/N=24.24
  412 51931     135      2.447200     S/N=17.58
  412 51931     394     0.1074000     S/N=32.62
  412 51931     428     0.6100000     S/N=36.83
  412 51931     448      1.392200     S/N=25.38
  412 51931     445      3.800000     S/N= 4.58
  412 51931     479     0.7689000     S/N=35.99
  413 51929     126      3.144300     S/N= 5.34
  413 51929     171      3.226400     S/N=10.03
  413 51929     387      2.902400     S/N=13.08
  413 51929     598     0.4719000     S/N=29.82
  414 51869       4      2.751000     S/N= 8.44
  414 51869     152      2.323700     S/N=12.55
  414 51869     168      4.186700     S/N= 4.41
  414 51869     358     0.4717000     S/N=36.43
  414 51869     328     0.1851000     S/N=51.02
  414 51869     382     0.2155000     S/N=25.26
  414 51869     479     0.3604000     S/N=33.13
  414 51869     533      1.356900     S/N=23.57
  415 51810       5     0.7514000     S/N=29.04
  415 51810     165      1.493900     S/N=29.19
  415 51810     508     0.3476000     S/N=27.97
  415 51810     547      2.230000     S/N=16.47
  415 51810     621      5.025000     S/N= 0.72
  416 51811     125      1.188800     S/N=39.51
  416 51811     143     0.3764000     S/N=28.50
  416 51811     228      3.049900     S/N=13.17
  416 51811     293     0.7514000     S/N=34.41
  416 51811     432      5.061800     S/N= 0.77
  416 51811     457     0.6336000     S/N=22.81
  416 51811     471      1.876000     S/N=29.09
