6965.4300
7067.2175
7147.0410
7272.9354
7372.118
7383.9801
7503.8680
7514.6512
7635.1054
7723.7600
7724.2067
7948.1759
8006.1563
8014.7854
8103.6921
8115.3109
8264.5215
8408.2086
8424.6474
8521.4412
8667.9430
8761.690
8994.104
9122.9667
9194.638
9224.4980
9291.532
9354.2180
9657.7858
9784.5020
10052.037
10163.378
10332.761
10470.0527
10478.034
10506.118
10506.500
10673.566
10681.771
10700.984
10759.120
10880.941
10950.726
11078.868
11106.460
11393.703
11441.832
11467.545
11488.1076
11580.389
11580.445
11668.709
11678.490
11687.604
11719.487
11733.235
11884.477
11896.632
11943.302
11943.871
12026.648
12112.324
12139.737
12149.898
12151.369
12343.392
12355.818
12356.296
12402.828
12419.414
12420.030
12439.321
12456.114
12487.663
12554.324
12596.209
12596.276
12621.619
12638.480
12702.280
12733.418
12746.232
12802.737
12933.196
12956.658
13008.264
13028.425
13107.116
13109.113
13213.991
13228.104
13230.897
13272.635
13302.312
13313.209
13330.113
13330.180
13367.111
13406.513
13406.586
13499.406
13504.190
13544.205
13573.618
13599.333
13622.659
13678.549
13718.577
13825.717
13828.231
13828.394
13907.476
13910.557
13992.808
14093.640
14249.193
14256.869
14595.733
14596.471
14634.414
14634.504
14650.346
14693.007
14693.683
14739.139
14785.380
14786.064
15046.503
15172.691
15301.881
15301.970
15329.345
15348.516
15349.253
15353.128
15402.640
15816.777
15889.687
15989.491
16122.656
16180.023
16436.575
16519.867
16549.307
16550.400
16740.078
16940.584
17401.908
17444.903
17445.248
17823.991
17887.176
17888.176
17914.629
17914.726
18418.047
18418.176
18427.765
18428.392
18429.455
18632.289
19817.508
19965.730
20317.011
20616.229
20647.135
20733.634
20735.350
20811.042
20986.111
21332.885
21534.207
22039.561
22077.181
23133.204
23845.035
23966.518
25125.271
25487.646
25505.228
25661.022
26234.637
26543.041
26835.705
26909.711
27225.599
27285.760
27356.342
27785.928
28194.726
28238.250
28314.045
28427.265
28497.958
28530.615
28612.427
28690.049
28704.947
28775.083
28835.223
28981.265
29100.550
29126.092
29254.880
29272.677
29558.230
29788.667
30453.764
30544.491
30987.774
31324.485
31718.646
31816.765
31819.196
32226.556
32247.469
32297.104
32325.060
32879.664
33069.750
33139.400
33284.366
34950.981
35219.153
35221.635
36210.972
36302.529
36380.538
36385.119
36482.046
37003.490
37075.797
37133.416
37176.057
37251.067
37911.499
38110.332
38320.762
38800.601
38950.321
39169.420
39319.127
39487.540
39653.45
39659.85
39737.96
39898.23
39997.24
40069.42
40081.23
40086.94
40153.84
40158.77
40422.10
40479.64
40880.068
