6967.3514
7069.1659
7149.0112
7274.9396
7374.1490
7386.0140
7505.9345
7516.7206
7637.2072
7725.8854
7726.3323
7950.3620
8008.3582
8016.9894
8105.9202
8117.5424
8266.7932
8410.5195
8426.9625
8523.7826
8670.3242
8764.0966
8996.5726
9125.4707
9197.1610
9227.0295
9294.0818
9356.7843
9660.4349
9787.1850
10054.793
10166.164
10335.592
10472.922
10480.905
10508.997
10509.379
10676.491
10684.698
10703.916
10762.067
10883.922
10953.725
11081.902
11109.501
11396.823
11444.965
11470.684
11491.253
11583.559
11583.615
11671.903
11681.687
11690.803
11722.695
11736.447
11887.729
11899.888
11946.570
11947.140
12029.940
12115.639
12143.059
12153.223
12154.694
12346.769
12359.199
12359.677
12406.222
12422.812
12423.428
12442.725
12459.522
12491.080
12557.759
12599.655
12599.722
12625.072
12641.938
12705.755
12736.901
12749.719
12806.239
12936.734
12960.202
13011.822
13031.988
13110.701
13112.699
13217.605
13231.721
13234.516
13276.265
13305.949
13316.850
13333.759
13333.825
13370.767
13410.179
13410.252
13503.098
13507.883
13547.909
13577.330
13603.052
13626.384
13682.289
13722.328
13829.497
13832.012
13832.174
13911.278
13914.360
13996.633
14097.493
14253.088
14260.766
14599.723
14600.460
14638.414
14638.504
14654.350
14697.023
14697.699
14743.167
14789.421
14790.106
15050.615
15176.838
15306.062
15306.151
15333.534
15352.710
15353.447
15357.323
15406.848
15821.099
15894.028
15993.860
16127.061
16184.444
16441.064
16524.380
16553.827
16554.921
16744.651
16945.211
17406.661
17449.667
17450.012
17828.858
17892.060
17893.061
17919.521
17919.619
18423.076
18423.205
18432.797
18433.424
18434.487
18637.376
19822.918
19971.181
20322.558
20621.856
20652.771
20739.294
20741.009
20816.723
20991.839
21338.707
21540.084
22045.575
22083.207
23139.516
23851.542
23973.057
25132.127
25494.600
25512.187
25668.023
26241.794
26550.282
26843.026
26917.052
27233.027
27293.203
27363.805
27793.508
28202.418
28245.953
28321.769
28435.020
28505.731
28538.398
28620.233
28697.875
28712.778
28782.931
28843.088
28989.171
29108.489
29134.037
29262.861
29280.663
29566.293
29796.793
30462.070
30552.822
30996.226
31333.028
31727.298
31825.444
31827.874
32235.346
32256.264
32305.912
32333.877
32888.632
33078.769
33148.437
33293.445
34960.512
35228.757
35231.242
36220.848
36312.428
36390.461
36395.040
36491.996
37013.580
37085.908
37143.541
37186.197
37261.225
37921.839
38120.725
38331.212
38811.183
38960.942
39180.103
39329.851
39498.307
39664.263
39670.667
39748.797
39909.111
40008.145
40080.349
40092.160
40097.873
40164.790
40169.721
40433.124
40490.679
40891.214
