30807.7
31045.8
31388.0
31456.2
31659.9
31913.1
32297.6
32393.3
32703.8
32792.8
32981.2
33277.5
33335.1
33452.1
33676.1
33794.1
33911.4
34031.6
34152.7
34397.0
34526.0
34649.7
34772.8
34882.9
35104.8
35732.8
36061.0
36259.2
36460.3
36061.0
36259.2
36460.3
36666.1
36735.1
36866.6
45650.1
45790.5
45937.1
46012.6
46088.0
46163.5
46242.8
46320.1
46398.6
46802.0
47263.8
47829.7
48018.3
48119.0
48201.7
48409.9
48519.1
48847.3
48910.0
48975.0
49067.3
49326.0
49417.3
50012.6
50279.9
50470.7
50588.0
50975.8
51718.6
52495.5
53044.5
53189.4
53272.3
53969.7
