30816.1
31054.3
31396.6
31464.8
31668.6
31921.8
32306.4
32402.2
32712.7
32801.8
32990.2
33286.6
33344.2
33461.2
33685.3
33803.3
33920.7
34040.9
34162.0
34406.4
34535.4
34659.2
34782.3
34892.4
35114.4
35742.6
36070.9
36269.1
36470.3
36070.9
36269.1
36470.3
36676.1
36745.1
36876.7
45662.6
45803.0
45949.7
46025.2
46100.6
46176.1
46255.4
46332.8
46411.3
46814.8
47276.7
47842.8
48031.4
48132.2
48214.9
48423.1
48532.4
48860.7
48923.4
48988.4
49080.7
49339.5
49430.8
50026.3
50293.7
50484.5
50601.8
50989.7
51732.7
52509.9
53059.0
53203.9
53286.9
53984.5
